DTCR I5_OHLC_NE Gold_OHLC_NE BT_OHLC_NE DJIA_OHLC_NE SSECI_OHLC_NE FTSE100_OHLC_NE BVSP_OHLC_NE BSESN_OHLC_NE Nickel_OHLC_NE NIKKEI225_OHLC_NE VIX_OHLC_NE
04.01.2002 16229.942 278.8 20.98 10227.6475 1626.8025 5329.7 14260.75 3354.125 5910 10747.765 20.45
07.01.2002 17329.98164 282.945 20.4355 10134.052 1574.6495 5244.255 14017.35 3400.0375 6234 10683.494 22.052
14.01.2002 17150.66488 285.5 18.56 9846.428 1458.7795 5139.555 13216.95 3380.788 6149 10269.6375 22.9
21.01.2002 17506.63108 280.735 18.8485 9774.282 1409.492 5172.525 13186.45 3370.8455 5938 10143.2975 22.034
28.01.2002 17106.31148 281.305 19.5015 9803.6185 1410.7735 5162.995 12741.15 3315.3215 6004 10019.2055 22.184
04.02.2002 17199.9566 297 19.8695 9697.6445 1505.644 5117.875 12662.05 3388.63 6174 9586.171 24.956
11.02.2002 17538.318996 299.885 20.922 9911.2135 1506.62 5167.095 12875.4 3536.407 6093 9922.43 21.678
18.02.2002 16965.03736 294.915 20.019 9881.265 1506.62 5091.59 13280.45 3592.2075 5890 10050.293 23.224
25.02.2002 16966.174 296.04 20.543 10143.512 1527.5685 5127.09 14029.3 3650.3005 5987 10488.9045 21.312
04.03.2002 18285.144072 294.075 22.171 10523.148 1570.4125 5246.145 14030 3661.044 6463 11494.0115 20.01
11.03.2002 18723.3864 292.09 23.416 10560.3375 1646.408 5264.66 14082.55 3589.169 6476 11662.9375 19.302
18.03.2002 19886.63568 292.97 24.5125 10536.093 1662.933 5281.985 13998.35 3577.0415 6681 11617.082 18.294
25.03.2002 19731.59096 299.95 25.0795 10389.999 1651.4825 5227.405 13391 3491.2495 6666 11273.487 17.822
01.04.2002 19579.7192 302.565 26.3305 10281.5045 1609.118 5241.055 13287.25 3498.5395 6829 11251.427 19.4
08.04.2002 20342.75748 300.545 24.851 10245.2145 1656.988 5184.92 13343.55 3487.959 6810 11195.476 19.398
15.04.2002 21053.00008 301.535 24.222 10210.83 1640.089 5233.325 13612.2 3435.6375 7034 11362.5875 18.79
22.04.2002 22012.10888 305.62 26.2135 10075.933 1622.827 5200.68 13253.95 3387.463 7086 11662.7555 20.782
29.04.2002 22696.36928 310.075 26.536 9972.0945 1664.8855 5159.975 12943.45 3344.621 6954 11558.8995 21.256
06.05.2002 21974.1696 310.88 26.258 9970.664 1658.511 5178.07 12365.95 3425.014 6935 11523.603 21.772
13.05.2002 23073.74132 309.735 26.3 10218.488 1596.5875 5230.765 12339.05 3400.519 6869 11585.2165 19.092
20.05.2002 24620.82924 317.61 24.803 10179.6725 1568.729 5187.78 12588.75 3212.3535 6547 11898.59 19.2
27.05.2002 23948.70432 324.09 24.0425 9998.312 1539.571 5092.05 12805.3 3172.4585 6650 11867.301 20.038
03.06.2002 24207.04588 325.47 23.5175 9705.838 1495.2535 5011.345 12495.6 3212.965 6855 11675.1 23.508
10.06.2002 24807.58792 319.775 23.1335 9555.6705 1518.4235 4848.88 12196.85 3321.339 6999 11299.2645 24.66
17.06.2002 22378.03964 320.635 24.5525 9549.758 1514.9675 4659.94 11461.4 3283.1065 7323 10620.4955 25.93
24.06.2002 21594.21872 321.115 25.0995 9201.551 1711.9365 4575.26 10782.5 3218.3375 7092 10358.8505 26.986
01.07.2002 22453.35376 313.005 25.649 9098.587 1721.192 4546.515 10760.05 3299.0985 7129 10660.5285 28.404
08.07.2002 23577.41296 314.82 25.6475 8999.598 1714.784 4442.51 10653.65 3332.8375 7399 10756.8165 31.872
15.07.2002 22499.72044 318.54 26.267 8462.856 1698.433 4126.815 10711.25 3246.5095 7508 10354.7795 36.084
22.07.2002 20263.21048 313.785 25.5395 7992.6435 1675.9165 3900.055 9808.9 3130.466 6827 10011.152 40.286
29.07.2002 19648.32412 303.415 25.635 8566.9645 1658.587 4149.61 9569.35 2994.572 6653 9813.445 34.704
05.08.2002 19152.53456 309.88 25.4895 8405.0315 1661.1845 4125.51 9915.2 2997.166 6673 9751.107 39.5
12.08.2002 19795.16692 313.885 26.6335 8682.7885 1639.098 4261.025 9498.55 3024.8535 6723 9756.347 32.694
19.08.2002 21010.73012 307.195 27.553 8928.772 1668.9835 4396.325 9499.55 3086.5235 6753 9708.9345 28.7
26.08.2002 20583.24576 311.37 27.242 8767.5375 1673.9325 4329.24 10266.85 3116.5585 6796 9806.344 31.926
02.09.2002 20031.0064 315.835 27.455 8445.8515 1659.6005 4077.505 10057.3 3173.8385 6655 9247.0325 37.048
09.09.2002 20754.9 319.075 28.3305 8484.6375 1622.7295 4112.16 10037.3 3111.9335 6905 9326.838 35.932
16.09.2002 19771.38492 319.535 28.25 8167.8125 1606.4105 3948.02 9653.05 3065.713 6625 9472.1485 38.38
23.09.2002 19845.6274 322.67 29.137 7841.7015 1594.9345 3769.495 9209 3016.388 6429 9373.8495 37.82
30.09.2002 19715.53848 321.61 28.8425 7721.4235 1581.62 3831.2 8913.8 2965.007 6573 9147.2685 37.482
07.10.2002 20075.47792 320.22 28.1785 7492.5405 1553.1485 3779.905 8891.55 2966.773 6533 8607.1215 39.808
14.10.2002 20410.72236 314.76 28.5335 8102.0845 1525.07 4067.895 8636.35 3006.3335 6710 8843.4035 34.738
21.10.2002 20634.39424 312.575 26.84 8416.444 1535.546 4092.8 9546.85 2951.2935 7006 8770.02 32.886
28.10.2002 20766.52532 317.22 25.551 8401.523 1507.8855 4018.83 9887.95 2898.9015 7239 8698.6445 31.002
04.11.2002 20811.59848 319.34 24.25 8631.0215 1545.0705 4098.905 9881.45 2978.3795 7346 8834.216 30.406
11.11.2002 20802.33468 320.875 23.32 8448.7005 1485.95 4044.405 9807.5 2972.3665 7231 8455.2135 29.688
18.11.2002 21152.34848 318.94 24.216 8627.943 1430.662 4128.295 10092.75 3083.883 7310 8508.4495 25.472
25.11.2002 20834.98296 317.905 24.8915 8824.6215 1395.47 4139.08 10266.05 3193.892 7392 8970.112 26.408
02.12.2002 20225.2238 321.26 25.8535 8740.907 1412.597 4080.39 10577.15 3244.062 7379 9061.1515 28.738
09.12.2002 19512.53596 327.83 26.8275 8537.0815 1389.0775 3945.78 10502.4 3306.09 7165 8753.1845 28.554
16.12.2002 19345.48976 341.075 29.3155 8490.396 1412.238 3891.585 10973.35 3334.676 7055 8428.3465 27.622
23.12.2002 19529.11636 346.75 31.262 8453.783 1413.747 3923.47 11432.35 3358.4315 7241 8536.129 27.22
30.12.2002 19759.9494 346.225 31.09 8318.535 1365.7675 3889.95 11260 3379.94625 7150 8589.4875 29.12
01.01.2003 19781.37 346.491666666667 30.7733333333333 8466.56333333333 1336.77916666667 3965.76666666667 11454.8333333333 3378.21416666667 7260 8589.4875 26.23
06.01.2003 19838.47896 352.11 30.67 8713.917 1358.381 3955.355 11910.95 3359.3835 7698 8591.1275 24.828
13.01.2003 20068.04176 354.075 31.505 8745.1815 1447.222 3914.075 12033.85 3351.986 7981 8561.1075 25.138
20.01.2003 19399.7152 360.565 31.789 8421.3795 1464.703 3711.925 11320.3 3342.505 8424 8665.4535 28.268
27.01.2003 19179.12904 368.61 31.183 8041.679 1497.7545 3517.2 10709.9 3245.5055 8293 8450.4225 32.074
03.02.2003 19113.54472 373.765 31.3605 8003.164 1499.82 3626.58 10658.45 3277.7575 8366 8479.711 32.836
10.02.2003 19898.67212 359.75 32.6795 7826.8345 1498.36 3619.355 10370.8 3255.0325 8516 8561.815 33.664
17.02.2003 20041.36896 350.515 32.9605 7948.175 1501.0525 3687.945 10254.75 3293.321 8638 8688.278 31.29
24.02.2003 20133.2746 352.435 33.3835 7877.7475 1502.816 3633.92 10177.35 3291.4965 8986 8408.483 31.164
03.03.2003 21170.802 352.57 34.1675 7757.138 1512.6965 3599.055 10357.9 3230.2885 8856 8398.6885 31.018
10.03.2003 20667.782 346.285 33.782 7654.0755 1471.094 3442.205 10557.55 3124.3465 8464 7964.905 32.634
17.03.2003 19497.44612 335.395 28.109 8205.868 1466.498 3749.37 11044.7 3129.95 8228 8054.1725 30.566
24.03.2003 19241.4314 329.86 26.6735 8242.177 1475.701 3758.02 11217 3139.652 8070 8330.1875 28.616
31.03.2003 18975.55976 330.56 26.814 8162.0615 1514.4595 3718.41 11707.75 3106.234 7864 8039.58 28.574
07.04.2003 19617.658 324.265 24.9855 8271.7585 1536.5285 3861.11 11864.2 3126.3585 7859 8058.92 26.546
14.04.2003 21398.13824 326.185 25.2285 8309.93 1612.395 3869.815 12070 3001.6315 8072 7845.019 22.298
21.04.2003 24549.38352 333.165 25.001 8410.3025 1544.2405 3908.15 12280.45 2966.636 7924 7841.5095 20.916
28.04.2003 24385.70276 337.335 23.5685 8465.699 1518.8345 3917.51 12561.8 2946.5335 7989 7749.1645 21.006
05.05.2003 23289.07 344.635 24.176 8554.0615 1521.44 3961.165 12895.55 2975.1285 8136 8036.2515 20.772
12.05.2003 23773.282 352.07 26 8678.2255 1525.409 3997.745 13295.95 2985.1645 8201 8190.7175 19.414
19.05.2003 24088.78168 366.97 26.9015 8543.9815 1545.7775 3968.765 12951.6 3053.644 8366 8063.1205 20.392
26.05.2003 24576.69612 366.93 26.5505 8725.023 1565.727 4026.515 13240.9 3120.312 8711 8271.795 19.818
02.06.2003 24577.47504 364.82 27.851 8980.784 1564.3805 4114.135 13560.5 3226.5335 9361 8613.187 20.878
09.06.2003 24260.90272 357.27 28.196 9096.512 1550.6305 4140.425 13884.85 3323.849 9145 8875.181 20.814
16.06.2003 25597.18056 360.22 26.7935 9256.487 1551.712 4165.785 13647.25 3418.8125 8660 9030.783 19.786
23.06.2003 25606.21552 349.045 27.1045 9073.9275 1509.3015 4074.67 13087.05 3506.873 8442 9003.2785 20.14
30.06.2003 26327.27588 349.91 28.1995 9055.371 1495.466 4014.49 13165.8 3617.0405 8391 9398.933 19.358
07.07.2003 25882.232 345.605 28.185 9144.308 1512.18 4053.835 13456.45 3645.2205 8680 9851.699 19.226
14.07.2003 24278.73516 344.58 28.9165 9127.2585 1526.45 4088.075 13574.9 3694.2835 8821 9676.823 19.646
21.07.2003 24262.32896 355.505 28.305 9157.9195 1495.7695 4094.51 13785.2 3615.2135 8859 9578.147 18.788
28.07.2003 24353.35744 358.075 28.4145 9230.196 1475.108 4141.55 13557.15 3774.667 9283 9716.0185 19.224
04.08.2003 24122.34776 351.115 30.098 9114.0375 1486.86 4102.68 13105.95 3802.772 9207 9361.1225 21.06
11.08.2003 25561.39188 362.145 29.6975 9267.1305 1466.9785 4198.795 13675.6 3909.907 9160 9682.8445 18.64
18.08.2003 26754.93988 362.06 29.4295 9404.15 1443.8115 4242.845 14338.8 4042.9085 9610 10205.804 18.05
25.08.2003 26386.57872 368.06 30.108 9339.486 1422.772 4203.935 14884 4164.4865 9514 10294.807 19.052
01.09.2003 27307.00896 374.15 28.4675 9502.623 1443.2295 4226.76 15538.35 4313.07 9798 10662.0075 18.794
08.09.2003 27012.4148 378.71 27.383 9490.8865 1422.3465 4259.785 16039.6 4410.225 9818 10737.8425 19.01
15.09.2003 27939.99576 376.155 26.0825 9558.4295 1396.1345 4284.685 16544.65 4221.755 9924 10909.215 18.114
22.09.2003 28260.61472 385.57 26.384 9470.599 1384.1345 4217.35 16243.75 4267.348 10255 10482.436 20.6835
29.09.2003 30024.079828 382.25 28.246 9413.636 1364.7265 4167.955 16436.5 4452.662 10332 10403.349 21.4705
06.10.2003 33424.22056 373.955 29.737 9639.3955 1372.118 4283.26 17534.5 4660.1315 10762 10691.6175 19.309
13.10.2003 34944.90656 373.71 31.0835 9771.613 1385.2975 4347.81 17971.8 4855.269 11128 10912.442 17.494
20.10.2003 33713.78692 381.855 29.6425 9666.575 1376.789 4302.5 18098.05 4770.63 11223 10809.2665 17.5715
27.10.2003 30361.1016 386.01 28.531 9727.669 1360.9465 4273.105 17991.85 4760.2545 11459 10597.424 17.0635
03.11.2003 31762.53776 380.92 28.08 9836.9935 1366.9725 4324.88 18481.3 5055.9165 11991 10695.002 16.7295
10.11.2003 31101.99984 391.3 28.907 9790.613 1328.856 4363.855 18672 4983.7985 12174 10335.5035 17.2635
17.11.2003 29386.86096 395.005 29.615 9667.6265 1342.4575 4336.995 18930.45 4860.398 12098 9812.0335 18.8665
24.11.2003 31077.58716 394 28.416 9753.88 1398.9125 4370.12 19773.25 4909.46 12100 10024.646 16.8875
01.12.2003 32160.553 402.575 28.986 9878.822 1438.6495 4380.9 20488.55 5184.4045 12583 10361.569 16.5815
08.12.2003 33061.84188 407.725 29.9155 9957.117 1456.1305 4352.59 21084.55 5238.0845 13196 10080.7655 17.1505
15.12.2003 33458.70204 409.635 30.651 10145.332 1460.1455 4365.82 21099.25 5433.065 14509 10248.552 16.2225
22.12.2003 33957.1042 411.695 29.5455 10319.9925 1499.935 4435.26 21679.7 5606.004 15574 10346.936 16.8205
29.12.2003 33830.8958666667 415.858333333333 29.9191666666667 10420.7291666667 1504.095 4463.59166666667 22084.75 5809.9825 16616.6666666667 10596.265 17.6725
01.01.2004 33718.8088 416.675 30.175 10442.81375 1502 4486.4375 22248 5909.855 16670 10646.28 18.05875
05.01.2004 35741.31948 423.285 31.1905 10523.7955 1578.5875 4494.155 23483.05 6044.2065 16456 10843.397 16.5985
12.01.2004 35055.75388 419.445 31.81 10507.4785 1599.5245 4457.675 23595.85 6104.9325 14866 10841.452 16.59
19.01.2004 35501.20704 409.86 31.8265 10586.644 1600.43 4496.37 23305.8 5855.404 14859 11040.5985 14.9875
26.01.2004 35946.16264 406.425 30.3375 10561.674 1605.8695 4442.08 23491.1 5834.0225 14897 10866.5495 16.0745
02.02.2004 35112.52952 400.35 29.456 10500.5675 1660.375 4389.18 21731.3 5716.9905 15187 10578.894 17.4085
09.02.2004 35351.74928 409.535 30.062 10639.6695 1681.614 4404.845 22527.05 5930.5735 15458 10443.717 15.837
16.02.2004 36690.87656 411.205 31.4255 10674.3735 1705.209 4458.455 21842.45 5977.5695 15534 10681.408 15.631
23.02.2004 37492.45848 398.15 32.151 10591.194 1671.559 4512.545 21286.1 5680.1455 14431 10784.927 15.4605
01.03.2004 39166.37672 395.835 33.905 10605.8935 1673.5525 4535.005 22431.35 5798.4925 14125 11358.8375 14.591
08.03.2004 39513.07012 400.88 33.6335 10370.8045 1665.658 4513.17 22106.2 5788.6175 13126 11386.1855 17.462
15.03.2004 40454.00636 405.2 34.3435 10222.57 1733.1735 4427.765 21829.5 5513.748 13415 11381.2175 19.2855
22.03.2004 41947.85728 417.54 33.9915 10121.3455 1741.994 4345.485 21366.5 5416.5355 14108 11407.5855 19.697
29.03.2004 43649.54588 423.035 32.3815 10361.7105 1739.652 4406.64 22137.6 5617.7335 14114 11744.3595 16.457
05.04.2004 45360.9594 420.1 32.4855 10503.6475 1766.868 4478.255 22791.9 5831.9195 14063 12005.469 15.6365
12.04.2004 44196.836 407.695 33.7255 10423.525 1702.2015 4499.73 22325.15 5852.518 13222 11996.199 15.945
19.04.2004 41649.24996 396.78 33.286 10397.7845 1662.4675 4556.01 21359.5 5864.3845 12540 11939.733 15.395
26.04.2004 40177.80636 391.905 34.3215 10384.328 1608.767 4544.575 20758.05 5753.9895 11344 12015.0925 15.7825
03.05.2004 39249.12624 389.275 36.464 10270.5395 1595.59 4525.24 19599.45 5673.335 11131 11703.0575 16.853
10.05.2004 37895.26716 377.28 37.9175 10010.708 1580.7585 4435.885 18296.2 5371.196 10684 10976.0295 18.8945
17.05.2004 39387.82412 380.04 38.534 9956.6275 1552.205 4429.18 18426.9 4861.498 10873 10801.8395 19.024
24.05.2004 39595.02648 389.605 37.8235 10096.0085 1540.1095 4436.205 19062.65 5047.2435 11812 11142.248 16.518
31.05.2004 37069.38292 392.35 37.339 10218.406 1557.494 4434.58 19589.7 4842.111 12313 11194.1135 16.2605
07.06.2004 37393.14788 389.325 35.3715 10380.4115 1491.1475 4487.78 20096.5 4937.894 12345 11474.9775 15.3475
14.06.2004 36968.96824 387.54 35.12 10375.603 1453.3205 4474.34 20076.5 4789.726 13441 11513.0285 15.1785
21.06.2004 39449.85672 397.74 34.979 10414.24 1432.3915 4491.92 20545.5 4719.382 14950 11633.168 14.818
28.06.2004 37565.92088 397.1 33.877 10375.201 1409.7425 4474.22 20977.9 4834.6515 14951 11840.278 15.2465
05.07.2004 37729.15 400.7 36.4945 10237.719 1441.6265 4381.945 21290.25 4888.905 15775 11433.4355 15.881
12.07.2004 39339.17168 405.395 37.6885 10208.5475 1411.54 4358.675 21748.6 4909.4315 15217 11477.5845 14.591
19.07.2004 39561.0656 399.635 39.226 10076.7985 1436.5135 4337.04 22024 5008.078 14878 11305.8975 15.5465
26.07.2004 37836.87684 389.125 40.7195 10066.738 1391.448 4351.845 21888.6 5104.713 14240 11157.198 16.434
02.08.2004 38058.8634 393.265 42.4285 10067.9145 1384.9345 4406.585 22051.2 5202.758 13787 11086.257 16.801
09.08.2004 37939.03048 398.83 43.6685 9861.91 1383.821 4324.515 21534.3 5186.6025 13529 10931.8725 18.591
16.08.2004 38333.14088 405.8 44.9145 10000.9985 1352.881 4351.1 22391.45 5092.321 14081 10783.068 17.061
23.08.2004 38565.94036 407.68 42.508 10138.678 1333.9175 4423.035 22856.85 5087.59 13494 11062.586 15.3765
30.08.2004 40050.46496 407.255 40.836 10194.0145 1327.8235 4494.005 22661.9 5193.642 12768 11132.3775 14.953
06.09.2004 40967.9298 400.66 40.903 10301.6415 1307.007 4555.115 22408.65 5283.815 12291 11208.559 14.0965
13.09.2004 41907.14416 404.655 41.7785 10283.937 1330.145 4556.91 22393.85 5442.0815 12800 11190.2205 13.959
20.09.2004 42891.93176 407.76 44.998 10149.0775 1446.0065 4586.755 23010.65 5569.4435 13918 11044.793 14.676
27.09.2004 43478.95576 413.3 47.024 10077.258 1420.5975 4578.335 23168.15 5538.9035 14930 10854.1245 13.806
04.10.2004 45852.98464 418.41 47.736 10176.3725 1398.1465 4696.125 24063.5 5755.486 16101 11296.6725 13.8775
11.10.2004 45549.63972 419.25 50.6665 10011.115 1377.763 4651.8 23563.7 5715.8865 14625 11175.4475 15.233
18.10.2004 44913.89288 422.56 50.526 9887.641 1328.447 4628.335 23048.05 5686.28 13431 10930.2405 15.149
25.10.2004 45203.4328 427.41 50.345 9902.4225 1326.7845 4608.315 22871.2 5658.7185 13246 10731.5495 16.0945
01.11.2004 45412.09576 427.635 45.937 10165.841 1310.706 4700.065 23458.15 5788.7755 13805 10883.096 14.8505
08.11.2004 45895.25284 435.14 42.784 10420.1475 1329.6705 4742.91 23415.65 5950.41 14009 10976.167 13.348
15.11.2004 46023.56336 441.685 40.843 10533.7655 1365.7795 4791.11 23976.55 5996.1385 14271 11150.262 13.307
22.11.2004 45087.05504 448.175 42.7585 10497.6815 1368.0795 4739.735 24522.45 6009.039 14074 10874.258 12.8395
29.11.2004 42392.52988 452.325 41.6985 10527.8115 1337.8085 4740.295 25134.7 6237.359 13897 10922.975 13.049
06.12.2004 39192.61404 445.445 37.691 10517.073 1332.0205 4713.16 25050.15 6305.101 12949 10881.7175 13.2
13.12.2004 37975.45988 439.585 39.452 10658.667 1306.2505 4725.67 25495.45 6343.6275 13046 10918.1275 12.4025
20.12.2004 39538.47428 442.75 41.6845 10766.8335 1285.615 4756.875 25749.55 6434.4645 14591 11197.2385 11.5845
27.12.2004 40870.8042 441.075 39.8775 10817.966 1276.918 4805.575 26098.35 6552.5485 14924 11422.923 12.1815
03.01.2005 41038.605 427.255 41.095 10666.328 1250.5625 4825.87 25044 6527.416 14476 11463.815 13.762
10.01.2005 40968.955 422.95 44.3035 10573.6145 1252.907 4815.27 24528.3 6240.5365 14820 11457.6265 13.0675
17.01.2005 40392.14752 423.435 45.112 10529.465 1217.717 4819.43 24188.45 6181.563 14497 11386.885 13.155
24.01.2005 41312.28364 425.695 46.0045 10445.163 1240.595 4833.43 24117.25 6191.1015 14369 11306.6355 13.741
31.01.2005 43193.58188 420.28 44.2205 10562.3985 1223.788 4895.28 24570.6 6565.7975 14603 11383.394 12.185
07.02.2005 43317.99304 416.225 43.4865 10722.3965 1269 4991.02 25874.25 6580.8825 14998 11484.3765 11.635
14.02.2005 43378.75996 426.77 45.1815 10799.8225 1272.02 5052.115 26651.15 6635.8125 15426 11625.7115 11.4605
21.02.2005 44427.12008 433.33 47.909 10722.5015 1300.101 5016.78 27394.3 6576.809 15994 11587.1685 12.083
28.02.2005 46480.95284 434.2 51.0485 10830.4335 1297.8795 5000.2 28290.4 6713.9605 16112 11791.144 12.291
07.03.2005 46403.04964 440.615 52.71 10875.1595 1301.0555 5001.83 28842.8 6890.824 16267 11911.795 12.4355
14.03.2005 44361.07612 441.83 54.4425 10701.1275 1263.0135 4958.515 27836.65 6747.364 16175 11844.649 13.122
21.03.2005 43476.42156 429.105 53.801 10505.23 1211.539 4923.64 26805.8 6537.709 16378 11799.064 13.785
28.03.2005 43896.03176 426.515 52.3075 10478.2245 1191.5995 4911.15 26416 6460.6575 16073 11659.3765 13.9185
04.04.2005 45669.30048 426.43 53.8125 10471.7095 1213.861 4942.92 26159 6574.858 16207 11780.638 13.291
11.04.2005 45270.55876 428.765 50.671 10381.57 1235.8465 4952.185 25691.6 6417.9365 15924 11625.143 13.306
18.04.2005 43941.29456 432.995 50.985 10114.288 1187.948 4839.01 25115 6231.5335 16070 11050.3005 15.8005
25.04.2005 43917.91552 435.455 51.7615 10167.5895 1159.2005 4823.58 24978.8 6299.826 16367 11012.268 15.189
02.05.2005 43406.58604 430.065 49.7655 10304.416 1159.15 4860.995 25122.1 6275.2665 16451 11011.9205 14.4905
09.05.2005 42988.72068 425.635 49.1225 10274.1675 1124.3195 4893.925 24736.9 6446.1045 17407 11118.2455 14.977
16.05.2005 42366.86764 420.205 47.0465 10365.8665 1098.595 4925.44 24510.35 6479.9145 16869 10974.6955 14.443
23.05.2005 43732.87948 418.1 48.242 10504.312 1069.3995 4982.535 24523.3 6601.9875 16961 11099.0095 12.6235
30.05.2005 44122.63272 418.83 50.764 10520.8655 1040.5995 4992.97 25820.15 6701.374 17022 11278.463 12.4185
06.06.2005 44777.35316 426.165 51.7915 10489.9085 1076.018 5006.445 25072.3 6801.3985 16696 11240.512 12.3315
13.06.2005 45680.25412 432.585 53.831 10560.2385 1090.278 5044.175 25456.3 6869.007 16656 11394.1055 11.4695
20.06.2005 46652.53404 440.645 56.931 10536.248 1099.837 5089.135 25524.3 7072.569 15767 11512.323 11.618
27.06.2005 47036.75744 437.9 56.551 10337.8215 1099.565 5095.82 25166.7 7144.391 14702 11526.905 11.925
04.07.2005 49111.78516 426.555 57.7215 10319.8325 1037.051 5185.265 24679.45 7231.2615 14651 11618.0455 12.108
11.07.2005 50300.87512 424.16 57.2585 10557.4635 1032.62 5241.61 25445.2 7259.121 14858 11722.933 10.8915
18.07.2005 50249.4448 422.695 56.65 10633.886 1020.567 5219.82 25439.9 7346.1895 14509 11772.4095 10.6765
25.07.2005 51666.35144 425.795 58.259 10636.8655 1071.8295 5267.325 25295.3 7551.4445 14285 11811.331 10.839
01.08.2005 53183.46012 434.355 60.434 10640.957 1102.2925 5312.8 26561.3 7744.3295 14357 11912.6905 12.0245
08.08.2005 54477.67048 440.595 63.773 10607.5795 1157.856 5355.565 26884.7 7713.0535 14863 12026.059 12.4805
15.08.2005 55321.96308 443.75 64.8525 10568.064 1171.568 5312.73 27113.6 7811.008 15237 12294.1915 13.0975
22.08.2005 57485.812 440.04 65.559 10494.5865 1160.7585 5284.98 26987.85 7680.9055 15098 12450.0145 13.71
29.08.2005 60271.74872 438.76 66.5815 10441.7695 1164.701 5283.105 27743.95 7775.649 15093 12457.738 13.391
05.09.2005 60402.55712 446.395 63.334 10568.923 1189.4395 5350.07 28729.35 7974.56 15041 12618.4585 12.947
12.09.2005 61069.80704 452.015 61.7335 10606.845 1205.4995 5365.135 29201.85 8210.412 14199 12893.948 12.1715
19.09.2005 67362.78024 466.435 63.1735 10472.743 1191.3715 5402.15 30428.95 8379.8805 13695 13096.397 13.0155
26.09.2005 69600.17812 467.195 62.394 10484.262 1146.1975 5465.44 31183.95 8543.931 13534 13438.8745 12.7015
03.10.2005 69760.2586 468.585 59.4955 10409.025 1155.61 5442.85 30669.25 8663.5075 13248 13525.251 13.6565
10.10.2005 66489.816 476.46 58.3895 10246.922 1151.0495 5337.985 30197.55 8452.9445 12571 13420.938 15.6735
17.10.2005 62096.21052 469.995 57.6665 10313.8615 1135.669 5221.075 29317.4 8078.4705 12083 13269.724 15.12
24.10.2005 62638.87136 472.44 58.661 10332.0255 1112.118 5195.495 29504.5 7922.771 11800 13309.6405 14.9995
31.10.2005 66437.10588 464.245 59.2315 10466.6915 1093.7375 5353.19 30591.05 7955.8355 11628 13823.738 13.987
07.11.2005 67792.00368 464.255 57.0995 10582.1035 1099.258 5448.305 30778.9 8287.637 11880 14072.1255 12.71
14.11.2005 68896.19988 476.435 54.5495 10704.1775 1093.3935 5456.745 30565.25 8570.7715 11848 14248.2105 11.8975
21.11.2005 71874.45668 491.095 53.8435 10869.7765 1110.25 5513.745 31571.45 8667.857 12641 14725.8675 10.929
28.11.2005 74149.66656 498.6 53.715 10888.5635 1101.545 5482.175 32002.4 8931.843 12769 15024.5325 11.6145
05.12.2005 77096.01404 515.17 56.3115 10819.5465 1093.2285 5524.995 32822.1 8897.738 13522 15416.6865 11.7255
12.12.2005 77525.99396 518.225 58.303 10843.059 1120.149 5513.225 33297.65 9203.467 13793 15520.4575 10.81
19.12.2005 78215.81044 502.4 55.812 10855.4885 1133.7255 5567.03 33286.3 9353.06 13313 15700.183 10.8025
26.12.2005 78406.78216 512.7 56.8575 10814.642 1158.2765 5611.755 33302.55 9255.733 13344 16143.479 11.2805
02.01.2006 78509.7326 528.57 60.932 10836.2435 1177.524 5677.49 34479.8 9543.659 13802 16335.612 11.512
09.01.2006 84765.35772 548.11 62.56 10992.1085 1216.583 5721.31 35535.2 9482.051 14660 16359.7365 11.155
16.01.2006 89442.59488 554.05 64.2005 10877.3215 1226.419 5698.005 36283 9360.889 14541 15821.2365 12.2345
23.01.2006 92282.2466 558.865 64.3315 10752.177 1255.4575 5690.045 37283.4 9620.2295 14763 15765.0165 13.051
30.01.2006 93095.19148 568.105 64.341 10883.572 1258.05 5772.88 37902 9869.341 15104 16620.0475 12.76
06.02.2006 92739.07768 562.675 61.234 10830.984 1279.8655 5761.53 36939.45 10015.712 15085 16539.6715 13.1335
13.02.2006 93185.55764 546.92 57.7385 11020.018 1282.014 5804.015 37198.75 10122.7495 14990 16002.4065 12.4155
20.02.2006 98517.19796 554.745 59.3395 11094.44 1282.1135 5856.925 38374.9 10170.0745 14838 15826.95 11.968
27.02.2006 98855.0104 564.145 60.7675 11044.4865 1295.3055 5840.38 38827.75 10453.8195 14914 16017.2005 11.8205
06.03.2006 94805.7226 550.785 60.3975 10993.6925 1261.8605 5859.605 37459.55 10642.94 14770 15826.0085 12.5375
13.03.2006 93384.36012 551.54 62.5985 11178.6315 1264.6035 5966.595 37630.25 10840.862 14745 16282.774 11.3985
20.03.2006 95068.26868 552.985 61.618 11277.345 1291.338 5998.755 37746.45 10895.652 14901 16513.6785 11.457
27.03.2006 96726.5116 572.585 64.24 11197.177 1297.7155 5980.03 37477.45 11173.4895 15138 16827.509 11.4065
03.04.2006 100699.45468 590.72 66.821 11191.8845 1329.784 6023.585 38832.75 11646.5675 16192 17359.5245 11.458
10.04.2006 107756.52472 599.765 69.352 11127.739 1352.5145 6024.365 38309.45 11453.0745 17600 17311.101 12.607
17.04.2006 112068.47132 623.42 72.466 11247.5385 1386.9065 6063.665 39365.75 11808.181 18478 17266.6055 11.799
24.04.2006 114393.75336 636.695 72.5395 11339.571 1412.558 6086.53 39952.8 11838.991 19472 17016.536 11.872
01.05.2006 119090.41788 668.65 72.2275 11422.175 1440.22 6046.73 40770.9 12171.736 19238 17017.032 11.958
08.05.2006 120859.55524 701.485 71.5465 11566.104 1529.2085 6062.735 41364.95 12472.3245 20771 17021.568 12.3835
15.05.2006 104681.58376 688.98 69.0975 11285.1945 1628.741 5762.12 38732.6 11781.161 20851 16225.2845 15.113
22.05.2006 94922.6642 653.135 68.7285 11154.543 1614.4265 5637.895 36796.85 10670.212 22148 15824.185 16.803
29.05.2006 100811.02788 643.085 69.386 11204.233 1654.5155 5725.01 37464.15 10546.9865 22606 15720.689 15.754
05.06.2006 96015.3364 627.865 68.852 10995.8845 1626.2385 5681.71 36066.45 9848.414 21492 15152.2755 17.419
12.06.2006 86834.4092 581.855 67 10861.357 1544.5465 5580.605 33384.8 9421.666 19430 14536.959 19.956
19.06.2006 90565.60176 582.16 67.6675 11010.687 1588.6865 5656.27 34164.55 10037.342 20094 14843.198 16.3815
26.06.2006 96561.04676 589.585 71.452 11045.401 1645.546 5718.535 35234.75 10211.005 21465 15134.6425 15.0695
03.07.2006 104906.06848 619.885 73.406 11183.763 1714.6975 5866.6 36821.25 10721.7215 23938 15498.8295 13.6335
10.07.2006 104689.54056 644.705 73.604 11000.9585 1712.543 5834.08 35980.8 10712.4385 28199 15231.931 15.2615
17.07.2006 101733.94616 640.4 74.3865 10864.1735 1664.0325 5727.545 35628.45 10285.317 27320 14731.0525 17.1145
24.07.2006 104869.276 622.29 74.0485 11087.883 1672.9245 5868.125 36585 10473.887 26764 15001.82 14.99
31.07.2006 107610.902 645.92 75.8635 11196.312 1605.985 5902.835 37259 10836.464 27819 15458.889 14.7835
07.08.2006 111439.58928 648.5 77.261 11151.9245 1579.191 5833.425 37481.1 11029.407 28330 15476.2255 14.968
14.08.2006 111189.64992 627.28 72.9805 11253.2045 1596.5795 5884.115 37260.25 11384.7735 31400 15950.038 12.8985
21.08.2006 109330.45128 625.815 72.1845 11321.7945 1608.628 5887.545 36358.35 11504.105 33910 16060.797 12.333
28.08.2006 109810.79448 621.115 69.4305 11375.186 1649.495 5905.71 36361.8 11692.963 32654 15952.0275 12.2885
04.09.2006 107167.29204 628.51 66.6155 11410.698 1662.2365 5933.46 37143.45 11894.3285 30580 16212.9055 13.1355
11.09.2006 100577.87776 588.73 62.9675 11488.4145 1688.6365 5878.635 36192.7 11814.5685 29941 15855.503 12.064
18.09.2006 99917.70504 582.45 60.7455 11552.9445 1733.399 5867.3 35542.5 12110.4605 28628 15795.204 12.057
25.09.2006 97318.99872 595.105 60.1795 11653.14 1726.6235 5895.28 35753.5 12332.7675 30712 15814.7645 11.952
02.10.2006 99353.012 582.94 58.951 11770.437 1752.42 5967.575 37280.85 12378.6215 31322 16286.591 12.1655
09.10.2006 102932.10272 580.95 58.9385 11882.355 1781.8845 6074.71 38453.3 12458.487 32822 16452.3195 11.4995
16.10.2006 106111.15028 596.79 58.6585 11980.5275 1780.8115 6150.375 38879.95 12840.4025 33698 16623.438 11.241
23.10.2006 104971.09944 591.045 58.0155 12113.01 1798.3055 6181.42 39364.3 12713.9265 33192 16775.9225 10.8365
30.10.2006 103436.86124 615.07 56.6115 12048.362 1837.1725 6142.975 39525.45 13028.142 32488 16357.1565 11.2395
06.11.2006 106503.41316 627.715 57.547 12119.903 1880.106 6220.33 40985 13162.6355 31535 16285.679 11.025
13.11.2006 107944.39408 623.855 57.1825 12223.4855 1908.994 6212.67 40950.85 13459.4855 30460 16186.927 10.4995
20.11.2006 106751.69796 627.705 58.763 12316.7685 2030.8755 6170.425 41565.85 13594.364 32331 15791.19 10.1915
27.11.2006 109239.79252 641.775 61.6675 12183.002 2057.5105 6058.305 41439.05 13699.57 34266 16016.9385 11.461
04.12.2006 113779.13636 642.305 63.564 12291.8275 2149.5725 6088.935 42820.85 13928.6395 34742 16367.9415 11.682
11.12.2006 114999.6904 630.595 62.2485 12355.132 2211.038 6189.55 43337.7 13355.3135 34832 16697.6495 10.5235
18.12.2006 115540.89204 622.185 62.0565 12437.5445 2343.9205 6212.255 43461.4 13466.7265 34221 16968.099 10.619
25.12.2006 116448.04132 629.8 61.3565 12443.3525 2512.236 6212.275 43987.3 13713.561 34372 17186.1905 11.126
01.01.2007 119567.918 631.33 58.2935 12470.3205 2684.7355 6271.38 44314.5 13900.0275 33899 17250.0385 11.687
08.01.2007 112815.38276 613.335 53.919 12451.6225 2749.7965 6200.825 42445.85 13638.9685 34153 17059.019 11.559
15.01.2007 112625.73928 627.51 52.1255 12562.0765 2776.4045 6226.46 42830.7 14164.078 36444 17245.8785 10.651
22.01.2007 112197.01756 642.96 54.4435 12530.0835 2904.6395 6254.275 44126.45 14169.1505 40453 17447.3545 10.6615
29.01.2007 111451.326 653.4 56.0995 12577.2625 2841.498 6248.75 44362.35 14245.0145 40150 17470.9465 10.7545
05.02.2007 114486.47852 659.485 57.474 12645.6385 2686.086 6346.5 44914.25 14558.3295 39331 17372.2745 10.587
12.02.2007 111447.7756 670.59 55.9485 12680.9745 2885.243 6396.19 45226.9 14185.1945 40149 17679.386 10.587
19.02.2007 113359.39848 676.235 57.543 12731.652 2998.47 6401.8 46027.8 14187.434 42594 17985.7365 10.3475
26.02.2007 111328.81484 673.475 60.0175 12334.2705 2873.7545 6252.985 44088.75 13258.119 44552 17758.0565 15.399
05.03.2007 105261.16012 648.195 60.891 12193.215 2865.1315 6146.83 42778.85 12731.8985 44294 16899.5065 16.1055
12.03.2007 105883.11188 648.255 60.663 12169.593 2936.0605 6143.14 43362.35 12717.5845 48001 16984.473 16.364
19.03.2007 109087.51464 659.505 60.988 12343.1485 3029.355 6244.55 44655.75 12922.002 48041 17227.195 13.4885
26.03.2007 113782.5382 664.44 65.8955 12377.994 3150.934 6301.055 45235.9 13074.705 45563 17338.527 14.3845
02.04.2007 113607.09504 674.38 68.449 12484.362 3278.685 6355.1 46241.3 12714.714 50567 17371.022 13.7295
09.04.2007 116133.3646 681.31 68.197 12550.7995 3458.239 6410.715 47126.75 13165.0345 50666 17610.6295 13.0405
16.04.2007 115190.78684 691.935 66.0015 12781.549 3557.252 6471.725 48756.85 13655.199 50171 17540.2145 12.2225
23.04.2007 115555.59604 687.035 67.2395 13023.744 3728.8145 6460.095 49218.85 14089.9685 50741 17408.9445 12.9625
30.04.2007 113881.15576 680.785 66.0235 13172.428 3834.8345 6481.13 49561.5 13909.927 51159 17350.563 13.318
07.05.2007 113294.7534 681.61 64.652 13293.5215 3957.6865 6554.16 50534 13817.0525 52931 17658.13 13.2405
14.05.2007 108982.63644 666.16 67.3635 13432.058 3994.2765 6573.33 51187.05 14101.0795 53237 17553.4995 13.5585
21.05.2007 108054.92996 659.52 71.305 13525.8325 4109.837 6606.335 51774.1 14352.14 51868 17609.116 13.2765
28.05.2007 103218.17632 660.275 69.633 13567.8145 4153.385 6601.25 52190.7 14494.0305 50787 17711.515 13.282
04.06.2007 107545.64252 670.895 71.8865 13500.941 3790.7705 6582.155 52666.75 14360.02 47276 17971.2965 14.644
11.06.2007 108048.39424 654.995 70.057 13465.9255 4074.9955 6582.705 52963.45 14133.8385 41764 17831.647 14.7595
18.06.2007 112359.92208 658.905 72.184 13556.667 4212.309 6652.27 54493.95 14340.7885 38850 18169.116 14.185
25.06.2007 110906.89284 649.77 72.8515 13391.26 3959.3515 6560.095 54120.7 14512.6865 37238 18019.2215 16.5115
02.07.2007 113858.4922 655.015 75.04 13551.856 3782.533 6638.025 55615.55 14819.273 36321 18171.6475 15.382
09.07.2007 116890.70664 664.2 78.5585 13673.126 3875.8605 6671.985 56613.8 15060.9295 33344 18160.797 16.0575
16.07.2007 119096.582 672.025 79.238 13942.3095 3907.819 6643.905 57598.3 15394.3745 32853 18151.5335 15.876
23.07.2007 117677.178 674.585 77.798 13698.017 4263.6845 6449.615 55671.65 15644.8275 32162 17775.5495 19.173
30.07.2007 114064.4 667.305 77.448 13328.7935 4418.5675 6267.325 54122.15 15194.971 30555 17075.1155 22.738
06.08.2007 112002.862 674.925 72.2085 13404.0635 4664.3675 6257.02 53552.1 15022.075 27809 16958.797 24.315
13.08.2007 109610.676 668.045 70.764 13035.8565 4789.895 6077.31 50165.55 14726.15 26219 16400.3935 28.756
20.08.2007 109266.96 663.025 69.094 13182.4915 4963.5075 6147.845 50655.45 14302.4 26957 15978.123 24.365
27.08.2007 112000.404 669.51 71.2425 13255.0215 5155.279 6180.55 52827.2 14953.6075 27588.65 16244.4165 24.1265
03.09.2007 113244.176 686.53 75.7095 13326.5095 5318.6445 6302.93 54762.85 15495.836 28018.6375 16306.291 24.227
10.09.2007 112640.486 709.985 77.833 13290.892 5229.523 6259.855 54030.3 15587.4475 27047.85 15873.47 25.877
17.09.2007 116220.504 724.73 79.2485 13678.7675 5415.011 6345.655 56313.1 16024.3705 31187.9 16173.22 21.8045
24.09.2007 120723.204 732.655 79.0225 13839.4885 5436.443 6449.34 59444.45 16981.7205 32059.775 16522.0125 18.2015
01.10.2007 123464.312 738.875 79.2715 14015.7455 5552.3 6526.18 61238.95 17566.0985 30448.8 17026.123 18.096
08.10.2007 126613.9 746.895 79.171 14066.5475 5771.575 6631.395 62894.95 18277.1045 30930.75 17229.1325 17.3645
15.10.2007 126138.9 764.37 83.203 13889.8415 5972.6185 6635.335 62528.65 18443.0455 31729.85 17095.5435 19.5325
22.10.2007 124106.894 767.745 84.842 13635.806 5695.1715 6527.415 62193.1 18380.939 31251.925 16426.6625 21.2555
29.10.2007 128788.648 793.54 89.6525 13766.1405 5842.0395 6649.335 64752.75 19838.2755 31411.575 16675.0195 20.8625
05.11.2007 130733.732 825.785 92.4145 13400.8615 5513.985 6424.825 63775.45 19389.182 31962.55 16048.244 25.3165
12.11.2007 128025.8 805.37 90.3805 13160.074 5269.1595 6357.43 63422.15 19335.7475 32540.25 15282.0215 26.779
19.11.2007 122023.95 799.245 94.1905 12948.4455 5169.785 6166.27 61946.95 19077.3715 29463.9 14953.173 26.1355
26.11.2007 123063.188 807.405 92.183 13109.0115 4925.292 6261.925 60961.2 19165.6605 27750.725 15278.6065 25.222
03.12.2007 124814.286 801.535 89.3015 13425.202 4968.141 6438.765 64347.25 19739.392 25893 15714.6395 22.506
10.12.2007 128512.38 808.06 90.6175 13533.4835 5065.717 6498.155 64433.25 20153.95 25854.475 15810.431 22.23
17.12.2007 125978.268 802.92 91.3175 13254.0525 4952.648 6324.305 61452.45 19273.0925 25941.6 15172.7625 21.94
24.12.2007 126221.514 823.84 93.501 13476.8175 5236.567 6467.505 63315.25 19929.463 26433.625 15439.726 19.3575
31.12.2007 124239.65 840.2 94.17 13312.56 5261.56 6461.7 63846 20333.545 26374.5 15343.87 22.2275
01.01.2008 124239.65 854.36875 96.27125 13110.455 5286.501875 6444.35 62999.0625 20407.926875 27496.71875 15229.55125 22.9425
07.01.2008 124774.514 877.585 94.0875 12735.5545 5418.7485 6291.865 62096.1 20806.75 28058.05 14442.3815 24.1845
14.01.2008 121251.924 890.725 90.322 12462.09 5327.824 6034.5 59520.55 20077.781 28061.9 13866.3405 24.95
21.01.2008 106937.38 891.375 88.3795 12154.273 4760.1185 5731.475 55442.05 17532.351 26898.925 13131.709 29.3065
28.01.2008 107397.208 924.085 91.4495 12475.5885 4441.642 5857.31 59281.2 17958.296 27293.975 13397.656 27.032
04.02.2008 107028.246 906.76 89.1815 12361.0305 4590.323 5877.635 59715.4 18148.7025 26825.225 13415.5715 27.5955
11.02.2008 109120.838 914.155 93.6165 12363.2655 4547.7995 5831.04 61485 17195.3515 27680.45 13247.0945 26.032
18.02.2008 111532.258 931.305 96.6225 12350.857 4548.966 5911.57 63003.25 17781.461 27948.325 13581.1855 25.0755
25.02.2008 111783.808 958.815 98.976 12556.789 4292.121 6000.27 64995.3 17724.5515 29392.5 13854.9245 23.397
03.03.2008 107091.778 979.455 100.823 12154.907 4341.8545 5795.72 63631.95 16464.8505 32649 13053.121 26.5385
10.03.2008 108041.304 983.79 105.073 12013.3625 4087.785 5697.115 61659.65 15844.2105 32272.5 12600.2445 27.834
17.03.2008 103698.97 961.045 102.001 12169.207 3775.703 5528.16 59940.6 15087.6855 30033.575 12137.0195 29.243
24.03.2008 105187.766 935.09 102.1285 12425.0635 3582.0695 5635.245 60707.9 15896.341 29932.55 12624.9275 25.8125
31.03.2008 107883.672 906.91 102.2435 12513.1845 3414.0895 5829.16 62738.2 15784.9795 28980.7 12959.5455 23.834
07.04.2008 110631.074 927.09 107.279 12553.998 3505.796 5969.99 63810.9 15693.1805 28558 13205.1945 22.6285
14.04.2008 111055.488 934.535 111.3685 12507.662 3276.449 5951.47 63453.35 16195.247 29168 13187.968 21.852
21.04.2008 112006.624 907.645 115.074 12796.853 3322.0335 6051.215 64967.2 16775.81 28552 13623.229 20.309
28.04.2008 110956.864 873.895 113.574 12912.7405 3570.095 6103.515 66208.1 17329.458 28791 13884.479 19.7345
05.05.2008 114623.866 875.98 120.739 12904.3645 3673.433 6216.555 69666.95 17270.951 28081.25 13980.2045 19.166
12.05.2008 125510.59 878.27 123.878 12892.975 3607.347 6230.27 70737.7 17020.499 26595 14015.5955 17.518
19.05.2008 130331.408 918.8 129.102 12762.547 3515.1335 6231.585 72768.5 17136.8075 25223 14058.315 17.9785
26.05.2008 126785.268 902.685 129.657 12578.2255 3408.201 6088.265 71937.75 16416.252 23151 13938.449 19.026
02.06.2008 125311.288 887.265 126.861 12461.1835 3394.5565 6001.565 70533.25 15854.6335 22293.25 14361.3125 20.0685
09.06.2008 120578.85 878.55 135.3015 12218.068 3080.2775 5813.46 67926.35 15074.4555 23036.25 14076.464 23.109
16.06.2008 122055.586 891.73 134.291 12114.5095 2839.4615 5770.205 67052.75 15317.2165 23209.25 14247.391 21.7185
23.06.2008 116359.602 899.245 136.9265 11705.056 2813.836 5609.78 64661.6 14168.873 21760 13759.585 22.7565
30.06.2008 111758.996 936.33 143.217 11308.776 2684.8895 5496.24 62162.45 13333.595 21282 13372.752 24.7085
07.07.2008 108137.228 934.675 141.085 11233.7415 2833.892 5443.29 59497.5 13654.846 21036.5 13127.672 25.388
14.07.2008 106809.684 966.61 137.955 11194.2265 2773.817 5242.795 60814.65 13067.901 20532 12876.894 26.523
21.07.2008 102405.562 940.52 128.302 11497.2495 2853.6345 5383.22 59184.25 14355.822 19653.25 13228.49 22.6095
28.07.2008 94505.538 917.48 124.3885 11370.8115 2839.7425 5362.1 58396.6 14215.8205 18301.5 13283.1425 22.5495
04.08.2008 91588.614 884.21 118.5805 11497.3475 2716.493 5432.33 56778.3 14949.0315 17899 13080.3285 21.535
11.08.2008 91198.938 820.325 113.7435 11646.684 2458.226 5499.82 54944.7 15132.474 18151.75 13155.7165 20.809
18.08.2008 89604.032 814.76 114.843 11458.647 2399.4195 5398.725 54682.7 14513.2425 19657.5 12865.4875 20.46
25.08.2008 85480.652 828.49 114.7595 11517.0525 2371.312 5515.47 55358.2 14393.3045 20437.5 12824.0605 20.065
01.09.2008 83826.52 808.55 108.2795 11446.132 2286.7 5504.3 53595 14700.263 19454 12633.07 22.0065
08.09.2008 72326.208 773.105 100.979 11352.0495 2131.0915 5373.44 50417.35 14639.8565 18809.75 12322.6985 24.4535
15.09.2008 62869.992 821.15 94.5665 10982.997 1999.4345 5079.6 48835.4 13409.4355 17297.5 11806.823 32.229
22.09.2008 71029.252 887.645 103.322 11004.7645 2232.7625 5169.965 50968.3 13673.0005 16695.25 12030.554 34.1875
29.09.2008 65996.684 870.03 94.846 10652.9585 2288.6575 4917.835 47649.95 12809.228 15736.5 11385.032 42.226
06.10.2008 46371.3 883.175 84.066 9314.442 2107.6095 4466.445 39323.7 11371.806 13325.25 9647.4495 57.065
13.10.2008 45981.084 830.785 74.469 8988.289 1985.5895 4121.62 38303.25 10898.407 11797.75 8912.378 63.763
20.10.2008 42322.416 754.115 67.927 8788.316 1909.819 4111.745 36184.2 10001.4505 9778 8692.1735 64.3725
27.10.2008 43546.304 741.09 63.1045 8877.2835 1747.1995 4082.295 33905.75 9050.8595 11206.5 8038.472 68.6525
03.11.2008 55135.512 740.28 61.774 9187.5665 1721.2675 4447.375 37955.55 10166.407 11533.5 8960.9115 55.6315
10.11.2008 49247.898 733.16 57.377 8664.36 1874.5835 4269.23 36125.7 9854.81 10986.875 8665.932 62.2055
17.11.2008 42057.088 746.515 51.1395 8107.233 1972.115 4037.84 34096.65 8868.689 10150.15 8152.4465 72.5825
24.11.2008 46652.1 814.59 52.569 8522.079 1916.379 4143.56 35165.1 8916.0145 10195.7 8188.283 60.2475
01.12.2008 42771.538 775.515 45.6675 8429.899 1938.288 4128.415 35177.65 8904.4315 9300.35 8077.318 63.333
08.12.2008 45217.69 793.91 44.6045 8718.539 2043.9655 4314.17 38253.6 9424.9515 9859.05 8422.1525 56.982
15.12.2008 46921.722 850.38 46.389 8711.0665 1982.1095 4297.26 39397.7 9913.7225 9780.15 8591.11 50.828
22.12.2008 47017.746 847.39 39.605 8485.2045 1903.678 4245.96 37306.4 9688.419 9657.45 8629.688 44.297
29.12.2008 45645.3166666667 876.458333333333 41.055 8598.72583333333 1838.17833333333 4349.35833333333 37260.75 9587.85333333333 10230.8333333333 8762.70416666667 42.3675
01.01.2009 45786.57 880.475 43.7675 8819.02375 1828.72 4457.95 38134.625 9841.64875 11858.75 8784.5875 39.58625
05.01.2009 45786.57 856.935 47.473 8848.7695 1895.115 4542.925 41461.2 9980.1 12288.55 9045.4885 40.9515
12.01.2009 44555.824 823.67 47.0225 8341.7265 1907.8355 4283.785 39233.6 9162.464 10631.75 8443.5245 47.373
19.01.2009 40305.394 855.105 44.9615 8128.1795 1988.312 4084.74 38230.15 8980.658 11153.2 8028.3775 49.8545
26.01.2009 42938.704 903.225 45.846 8176.0885 1996.7425 4194.7 39206.3 9071.632 11373.95 7999.076 43.121
02.02.2009 44754.112 909.89 45.0445 8032.3925 2075.876 4179.62 40198.2 9196.776 11441.3 7962.7665 44.3595
09.02.2009 51518.128 925.635 46.1725 8006.3185 2247.1625 4237.475 41433.2 9549.8125 10645.9 7938.3285 44.395
16.02.2009 47811.44 968.7 41.8125 7611.841 2285.487 4041.695 40231.05 9098.5945 9801.5 7600.14 46.802
23.02.2009 46335.03 964.3 43.447 7232.7555 2194.561 3858.685 38620.3 8867.2925 9750.05 7395.3455 46.8905
02.03.2009 49180.618 925.69 44.0455 6766.6645 2136.757 3601.725 37228.75 8439.4485 9710.95 7285.2945 49.712
09.03.2009 54461.394 917.93 44.9845 6900.6305 2145.256 3658.245 38296.95 8310.5345 9624.95 7234.2665 44.815
16.03.2009 57139.268 934.305 48.1615 7357.3525 2215.1525 3828.32 39705.3 8941.207 9908.15 7892.817 42.6255
23.03.2009 59821.39 935.86 52.5805 7724.9705 2334.4045 3912.055 41874.4 9649.8475 9640.9 8437.996 42.3305
30.03.2009 56583.274 916.84 50.0245 7752.6645 2392.9055 3943.8 42103.5 9935.8185 9903.1 8449.9405 43.2645
06.04.2009 62242.586 881.27 52.801 7920.7245 2406.3235 3962.045 44386.9 10637.5795 10732.1 8830.7685 39.3155
13.04.2009 65288.326 886.22 53.1885 8035.7405 2514.3375 4001.16 45683.4 11029.981 11828.7 8859.197 36.687
20.04.2009 64042.184 891.92 50.3095 7947.4155 2495.918 4026.77 45317.7 11000.005 11531.6 8785.5635 37.4545
27.04.2009 64476.178 897.255 50.506 8113.884 2441.095 4175.73 46691.45 11251.6985 11265.6 8726.1115 37.221
04.05.2009 69448.608 906.29 55.34 8439.8865 2575.2895 4353.965 50430.8 12024.304 12420.95 9079.2035 33.4525
11.05.2009 72395.764 922.595 58.165 8378.971 2625.509 4390.36 49845 11945.843 12601.75 9290.975 32.627
18.05.2009 73137.37 936.84 59.2105 8399.1455 2640.3825 4419.14 50848.85 14035.2295 12338.5 9227.6735 30.272
25.05.2009 73856.636 944.665 62.1095 8370.9615 2605.8715 4390.785 51904.15 14089.759 13094.5 9394.845 31.573
01.06.2009 80225.482 975.175 67.5725 8704.5745 2740.85 4437.82 53501.35 14897.8525 14400.9 9704.3025 29.91
08.06.2009 77998.674 953.55 70.232 8761.441 2781.631 4431.865 53400.85 15181.1625 15073 9933.978 28.4645
15.06.2009 72555.256 935.115 70.5605 8571.428 2804.4695 4322.54 51480.05 14682.301 14927.2 9838.1455 30.5215
22.06.2009 65576.542 931.36 68.552 8383.3 2908.14 4258.89 50402.75 14409.578 15075.85 9720.559 29.092
29.06.2009 66263.356 934.81 68.716 8448.9485 3000.616 4272.695 51507.05 14675.9685 15993 9884.5115 26.447
06.07.2009 61592.11 918.305 62.2965 8205.79 3098.0125 4174.945 49629.5 13991.964 15322.55 9503.122 30.0985
13.07.2009 62915.356 928.67 62.391 8489.242 3152.3225 4282.255 50372.95 14004.57 15523.2 9293.449 25.729
20.07.2009 69319.92 949.49 67.479 8925.6665 3279.667 4492.065 53403 15114.502 16204.3 9668.962 23.9685
27.07.2009 71118.498 943.61 69.479 9111.6415 3365.73 4580.57 54328.45 15347.552 16923.95 10141.5315 25.1475
03.08.2009 76244.29 963.21 74.0075 9286.2415 3402.771 4670.935 55966.9 15706.6765 19349.5 10358.137 25.2565
10.08.2009 74934.228 951.02 73.5665 9328.1255 3181.5815 4717.51 56512.55 15190.851 20002.65 10529.9335 25.323
17.08.2009 71940.808 942.445 72.5505 9275.1405 2889.5405 4707.57 56185.35 14993.2715 19087.8 10297.7555 26.1345
24.08.2009 77589.378 949.075 72.619 9543.4845 2936.7135 4891.24 57695.9 15692.902 19264.85 10526.1595 24.892
31.08.2009 76184.18 971.695 68.422 9380.301 2750.2205 4843.04 56136.25 15580.419 18327.55 10365.858 27.2455
07.09.2009 79274.732 1001.735 69.079 9516.2045 2920.1195 4962.535 57581 16135.58 17730.4 10382.1555 24.8245
14.09.2009 83516.808 1010.325 70.084 9719.102 3017.7575 5085.9 59656.9 16510.4685 17068.6 10317.1255 23.797
21.09.2009 81920.63 1005.27 67.917 9765.3755 2883.4715 5130.105 60696.9 16746.1235 17421.6 10375.705 24.2095
28.09.2009 82088.948 997.67 66.944 9664.4875 2779.3805 5106.06 61017.5 16967.4305 17223.05 10016.1725 26.425
05.10.2009 84145.82 1037.97 68.512 9707.2315 2798.865 5101.095 62815.95 16884.478 18372.35 9788.8395 25.456
12.10.2009 92729.058 1057.105 73.832 9946.9775 2951.6995 5207.96 65264.7 17079.4095 18662.7 10114.171 22.5745
19.10.2009 93535.622 1058.365 78.209 10033.104 3060.5725 5240.035 66046.2 17085.6045 19184.5 10280.621 21.4495
26.10.2009 89528.056 1040.83 77.202 9871.2825 3029.882 5151.32 63123.2 16356.5715 18546.15 10125.112 25.684
02.11.2009 84523.826 1079.675 77.378 9851.4755 3107.4095 5087.55 63356.2 15892.4315 17957.2 9809.7345 27.872
09.11.2009 87705.39 1108.14 77.621 10224.9235 3173.425 5248.245 65693.35 16606.0805 16885.75 9844.1865 23.3925
16.11.2009 90364.244 1139.755 78.427 10367.9635 3288.4355 5323.64 66512.9 16951.0015 16895.25 9668.8085 22.6045
23.11.2009 86493.672 1173.755 77.323 10415.589 3242.432 5295.7 66972.95 17011.7655 16752.9 9377.6345 21.6095
30.11.2009 87434.688 1194.74 78.3025 10405.79 3233.09 5289.06 68078.95 17096.3965 16284.55 9618.2445 22.539
07.12.2009 86962.804 1137.63 74.5695 10369.1845 3280.706 5254.24 68313.8 17126.238 16284 10046.7665 22.551
14.12.2009 89786.43 1120.02 73.303 10422.348 3233.6455 5277.47 68458.8 16946.842 17062.7 10128.63 21.5605
21.12.2009 90736.676 1094.12 74.3825 10458.6895 3092.3585 5339.63 67116.3 16987.9695 18159.45 10363.0535 19.915
28.12.2009 91242.795 1100.46875 77.599375 10529.21875 3218.239375 5408.4125 68135.875 17382.635625 18907.3125 10616.80125 20.27
01.01.2010 91684.28 1096.35 78.195 10493.965 3268.595 5408.275 68300.5 17431.6225 18840.75 10626.975 20.84
04.01.2010 91684.28 1125.26 80.7655 10566.709 3240.744 5508.2 70180.6 17614.8705 18747.25 10707.8065 19.5715
11.01.2010 96438.67 1139.28 79.492 10653.1115 3219.6635 5503.895 70017.95 17538.216 18143.3 10830.578 17.9195
18.01.2010 97370.494 1118.245 75.9605 10544.737 3188.3575 5426.12 68219.2 17355.604 18883.9 10778.081 20.0595
25.01.2010 93180.452 1091.64 72.6355 10179.64 3028.555 5231.995 65601.45 16533.794 18178.65 10371.0185 24.5505
01.02.2010 93545.96 1093.565 73.5355 10153.371 2959.434 5205.44 65701.35 16265.94 18033.15 10284.6975 23.6585
08.02.2010 88501.368 1077.505 72.062 10035.918 2969.0775 5124.765 64665.3 15997.091 17848.75 9994.714 25.3555
15.02.2010 88260.906 1111.75 75.523 10260.145 3006.63 5253.195 66654.65 16237.2835 19923.45 10177.565 22.1005
22.02.2010 87229.21 1108.78 77.578 10338.3765 3016.099 5332.705 66369.7 16282.7655 20464.35 10238.2525 20.5925
01.03.2010 90797.748 1130.355 78.5205 10427.4655 3064.8155 5485.205 67692.55 16777.2975 22105.25 10220.24 18.7975
08.03.2010 93132.896 1116.495 80.3275 10577.242 3049.234 5613.42 69475.1 17114.277 21863.75 10615.2215 18.084
15.03.2010 94321.112 1118.47 80.433 10703.524 3019.913 5630.43 69479.95 17387.227 22113.6 10782.1715 17.2625
22.03.2010 94808.496 1098.575 79.8545 10835.9695 3054.3535 5677.125 68896 17486.6105 22530 10840.4575 17.4315
29.03.2010 98134.716 1113.77 82.2785 10893.66 3125.2425 5700.725 70210.7 17637.743 24576 11120.31 17.5385
05.04.2010 99859.688 1142.48 85.383 10940.6205 3145.151 5743.94 71258.25 17874.7285 24864.9 11265.794 16.8535
12.04.2010 100975.252 1154.22 86.231 11057.615 3148.901 5783.09 70648.45 17778.6025 26204.75 11223.597 16.243
19.04.2010 98570.03 1141.815 85.359 11106.966 3003.011 5728.825 69225.75 17516.264 26954.55 10956.6425 16.879
26.04.2010 98145.086 1165.88 86.5305 11113.2485 2909.849 5643.175 67706.05 17593.2125 26141.15 11047.0695 19.897
03.05.2010 93878.75 1184.67 83.8525 10790.1225 2798.8785 5384.54 64924.15 17117.853 23636.1 10869.1705 27.616
10.05.2010 92069.444 1225.54 81.1905 10744.5595 2679.4465 5340.65 64648.75 17179.9545 22582.3 10491.2265 27.9665
17.05.2010 89442.258 1202.695 73.9525 10394.215 2575.3625 5191.415 60606.7 16628.5405 21216.45 10104.8055 37.164
24.05.2010 85391.246 1204.235 71.9825 10093.2155 2638.7615 5076.79 60464.2 16459.346 21447.45 9627.3 34.5525
31.05.2010 89964.978 1217.56 73.958 10150.7675 2572.0135 5172.231 62403.3 16848.442 19975.45 9772.666 32.394
07.06.2010 89966.27 1232.185 73.5325 9982.528 2542.3565 5086.075 62084.8 16825.826 18675.8 9553.9535 32.942
14.06.2010 93109.494 1237.23 77.2225 10354.711 2567.789 5226.5135 64302.1 17444.1805 19889.15 9960.021 26.166
21.06.2010 94379.772 1243.28 77.4155 10305.129 2565.464 5195.8535 64709.65 17734.003 19647.75 9988.512 27.0335
28.06.2010 89408.9 1232.16 74.875 9880.9425 2435.8385 4931.83 62289.95 17594.221 19518.3 9441.5045 32.201
05.07.2010 89433.496 1202.02 73.1745 9912.2885 2403.416 4977.941 62409.3 17577.3 19107.75 9370.1745 27.883
12.07.2010 92260.354 1205.775 75.8135 10284.566 2453.8945 5211.721 63278.85 17941.7355 19314.55 9616.984 25.0435
19.07.2010 93002.832 1188.865 76.2855 10211.834 2517.2905 5208.4525 64475.75 17991.0075 19483.1 9333.279 25.0835
26.07.2010 97410.452 1172.775 76.8295 10492.7875 2606.5685 5332.865 66753.75 18007.2405 20610.55 9597.626 23.7815
02.08.2010 97812.562 1194.4 81.2915 10634.4145 2637.979 5365.34 68178.85 18135.9955 21741.55 9615.808 22.5975
09.08.2010 95613.99 1207.295 78.513 10492.119 2614.403 5317.7055 66787.6 18151.0795 21955.2 9376.4485 24.5535
16.08.2010 93939.06 1228.59 75.831 10322.7145 2661.7685 5274.8045 67025.35 18225.946 21746.2 9209.7775 25.4415
23.08.2010 91986.912 1234.16 73.9795 10086.5065 2621.7825 5167.9085 65189.9 18263.0425 20760.1 8964.9695 26.688
30.08.2010 94840.472 1246.32 76.0645 10185.3085 2642.2695 5287.355 65904.5 18129.452 21168 9020.349 24.6655
06.09.2010 96972.876 1252.73 77.3975 10402.894 2679.116 5444.595 66624.95 18619.3365 22318.35 9170.0405 22.6755
13.09.2010 97269.336 1266.04 78.826 10554.7795 2652.584 5549.945 67654.1 19358.793 23094.4 9436.4825 21.8815
20.09.2010 96098.384 1289.41 78.396 10733.192 2591.8765 5564.7 68167.25 19892.7135 22773.95 9576.0195 22.4455
27.09.2010 96239.67 1306.22 80.2485 10829.834 2619.9655 5576.29 69158.55 20109.874 23218.8 9505.3975 22.9795
04.10.2010 99624.452 1337.705 84.063 10905.5125 2644.083 5631.475 70491.65 20442.9825 24325.95 9558.373 22.065
11.10.2010 100817.908 1365.235 83.863 11050.22 2850.2345 5695.51 71326.85 20398.6515 24302.7 9533.17 19.398
18.10.2010 102202.9 1343.335 82.673 11093.93 2980.297 5728 70443.5 20098.06 23636.7 9447.6075 19.8835
25.10.2010 103442.04 1337.66 83.274 11134.605 3009.854 5699.615 70284.95 20129.3095 23218.2 9370.615 20.6035
01.11.2010 104893.124 1365.025 86.22 11254.0895 3061.098 5770.16 71873.05 20600.225 23791.6 9275.347 20.084
08.11.2010 106322.338 1396.085 88.2525 11324.38 3119.021 5835.725 71685.25 20766.3935 24055.1 9766.807 19.14
15.11.2010 103646.33 1352.335 85.1265 11122.2355 2902.136 5742.25 70171.15 20020.7585 21815.35 9875.7975 20.4035
22.11.2010 104817.244 1367.17 84.7635 11123.5535 2861.009 5662.89 69206.8 19554.5455 22121.8 10079.533 19.9705
29.11.2010 107535.978 1385.99 88.2145 11172.5665 2840.872 5644.255 68682.4 19686.0605 23194.35 10087.2645 21.1155
06.12.2010 111628.864 1398.5 91.1295 11376.239 2843.0105 5795.535 68857.45 19711.6665 23815.3 10217.6415 17.7375
13.12.2010 111875.448 1387.305 91.5835 11465.948 2905.9875 5871.31 68226.6 19709.312 24595.9 10295.2705 17.397
20.12.2010 112368.596 1384.785 93.338 11535.248 2868.818 5952.45 68116.25 19979.2515 24320.75 10311.3495 16.149
27.12.2010 112991.21 1404.26 93.7935 11571.344 2769.109 5984.57 68592.55 20216.333 24085.9 10296.906 17.668
03.01.2011 114055.75 1391.12 94.627 11681.163 2824.6545 5992.26 70301.45 20348.4245 24574.1 10409.7385 17.399
10.01.2011 118218.326 1377.15 97.2125 11704.998 2809.475 6004.92 70685.3 19294.5665 25005.45 10535.7065 16.7355
17.01.2011 120572.408 1360.775 97.491 11815.145 2717.2945 5970.795 70254.95 18988.245 25882.3 10482.218 16.896
24.01.2011 119428.904 1332.87 97.1935 11954.735 2710.0535 5939.965 68620.35 18949.5715 26312.2 10405.3535 17.5095
31.01.2011 119728.214 1340.155 101.3245 11995.4425 2790.96 5947.39 66766.75 18227.3285 27747.45 10378.545 17.626
07.02.2011 117071.096 1358.525 100.6915 12198.9985 2797.156 6044.44 65128.25 17759.1105 28238.2 10618.7885 16.154
14.02.2011 114977.028 1375.44 102.803 12279.775 2902.6335 6067.91 67002.55 18278.3385 28658 10785.6165 16.3525
21.02.2011 114646.81 1404.54 109.4675 12196.093 2880.719 5975.495 67023.15 18085.4725 28492.65 10624.455 19.906
28.02.2011 118609.922 1423.605 114.844 12157.0005 2909.323 5970.995 67285.25 18267.6835 28752.25 10618.7935 19.3
07.03.2011 118418.736 1425.92 114.712 12118.619 2977.849 5925.87 67295.7 18332.0795 26722 10494.526 20.5635
14.03.2011 115411.804 1407.115 112.2015 11827.8505 2912.845 5706.675 66607.65 18207.9565 25571.15 9152.5725 24.8765
21.03.2011 117684.288 1431.205 115.484 12076.651 2933.7635 5807.16 67436.4 18186.183 26756.75 9433.802 19.4815
28.03.2011 120742.328 1424.175 115.91 12297.7165 2960.302 5932.145 67980.75 19214.285 26218.7 9595.591 18.0035
04.04.2011 123940.504 1454.655 122.1025 12399.636 2979.8755 6022.34 69353.5 19614.6565 26214.35 9667.8475 17.2335
11.04.2011 121202.92 1466.12 122.592 12308.7085 3033.7895 6004.285 67126.25 19408.4655 26701.05 9623.257 16.6915
18.04.2011 118403.128 1499.25 122.826 12363.6235 3023.5145 5966.135 66330.6 19390.8365 26116.6 9587.801 15.6565
25.04.2011 118100.54 1522.515 124.503 12634.5905 2936.01 6054.79 66465.25 19448.256 26643.6 9706.9085 15.2855
02.05.2011 113166.1 1519.995 119.0095 12734.033 2884.5005 6014.54 64471.45 18625.8775 25988.7 9952.9215 16.9955
09.05.2011 110677.18 1506.49 113.5765 12670.8685 2870.0245 5966.935 64203.9 18514.1955 24544.95 9793.8265 16.8805
16.05.2011 108167.084 1494.935 111.382 12541.7095 2859.0505 5923.64 62983.25 18243.313 24162.9 9608.052 17.0515
23.05.2011 106667.384 1523.385 112.957 12398.8995 2760.6405 5879.115 63306.3 18040.802 22979.25 9492.2275 17.3755
30.05.2011 108864.34 1536.515 115.286 12364.512 2718.317 5914.12 64107.35 18439.1075 23045.45 9576.201 17.032
06.06.2011 108565.604 1541.62 116.9785 12084.573 2721.588 5839.655 63280.9 18387.013 22817.65 9447.445 18.2095
13.06.2011 109593.784 1526.63 115.9905 11980.222 2689.9305 5749.04 61744.95 18150.965 22107.4 9467.704 20.3675
20.06.2011 107976.212 1535.995 110.5705 12071.3845 2657.3635 5724.405 61291.95 17700.845 21946.7 9526.6 19.8235
27.06.2011 110494.572 1501.655 109.2935 12239.786 2753.1885 5828.01 62073.8 18609.4095 22776.65 9747.903 18.178
04.07.2011 114366.728 1518.205 114.483 12600.6815 2802.095 6019.14 62842.7 18856.208 23461.5 10040.729 16.1585
11.07.2011 113781.24 1571.44 116.6345 12501.2195 2790.3865 5886.915 60167.75 18645.459 23774.05 9966.066 19.494
18.07.2011 113627.592 1596.785 117.5515 12567.491 2794.35 5838.395 59473.95 18576.9015 23982.55 9998.667 19.0935
25.07.2011 113482.104 1617.325 117.5585 12402.7455 2704.9395 5885.03 59150.75 18494.769 24269.05 9992.3175 21.834
01.08.2011 110594.084 1651.48 113.434 11805.345 2671.5635 5603.835 56049.55 17909.8195 24082.15 9705.9575 26.283
08.08.2011 97753.344 1757.82 105.4905 11050.291 2549.925 5124.405 51480.3 16997.8275 21455.9 9000.8585 39.895
15.08.2011 97203.796 1799.65 108.852 11256.8585 2587.828 5250.545 53950.45 16714.5705 21537.35 8996.5535 36.4135
22.08.2011 95593.076 1822.165 109.418 11111.064 2560.7995 5130.48 53151.95 16258.702 20984.7 8730.333 38.4095
29.08.2011 100963.448 1827.435 113.314 11498.267 2567.143 5278.4 55979.6 16587.529 21734.85 8948.6645 32.555
05.09.2011 100982.052 1863.585 113.0485 11249.5755 2495.484 5234.145 56164 16913.486 21293.5 8752.434 35.58
12.09.2011 101313.58 1815.7 110.661 11212.533 2483.14 5231.015 56053.75 16700.376 21464.15 8642.715 35.69
19.09.2011 98102.6 1772.44 108.578 11150.6545 2453.228 5225.43 55600 16723.916 20089.65 8698.451 36.869
26.09.2011 95017.636 1627.645 104.5065 11069.546 2392.858 5173.985 53481.5 16420.828 18365.15 8588.93 39.574
03.10.2011 91895.028 1645.56 102.7705 10893.022 2363.345 5120.31 51270.2 16034.839 18680.65 8501.2425 40.1095
10.10.2011 94944.088 1672.53 108.062 11445.46 2390.112 5401.175 53644.7 16754.417 18907.85 8738.672 31.819
17.10.2011 97512.624 1646.965 110.2045 11557.5315 2379.4425 5432.345 54544.6 16921.466 18716.25 8761.0645 32.9975
24.10.2011 100101.932 1706.23 110.7645 11948.6005 2410.35 5587.955 57408.45 17299.9435 19675.85 8844.8325 28.6365
31.10.2011 97318.332 1732.455 109.7585 11911.8105 2488.737 5514.405 58002 17549.803 18905.55 8809.1065 32.019
07.11.2011 98518.692 1778.135 113.2525 11993.564 2503.386 5502.145 58375.7 17470.4345 18389.55 8655.4515 31.313
14.11.2011 96870.244 1757.585 110.61 11961.958 2487.0555 5477.45 57945.15 16792.4335 17896 8501.222 32.537
21.11.2011 92439.072 1694.75 107.4045 11421.9335 2399.508 5194.995 55597.75 15888.5785 17383.05 8257.7685 33.5165
28.11.2011 98079.588 1732.045 109.5785 11767.775 2382.693 5402.715 56658 16269.1235 17207.25 8467.4315 28.9465
05.12.2011 97821.772 1727.545 109.441 12115.4165 2328.908 5544.015 58552.85 16670.5225 18236.15 8635.2425 28.3905
12.12.2011 91350.82 1621.645 106.0485 11946.14 2240.9175 5434.115 57057.95 15891.255 18094.45 8509.0995 25.332
19.12.2011 90742.58 1610.075 106.437 12047.3245 2201.7335 5417.695 56602.1 15538.7385 18669.35 8386.453 22.47
26.12.2011 90507.144 1576.56 107.9525 12244.5255 2177.875 5518.31 57183.55 15730.5075 18383.5 8420.0195 22.4305
02.01.2012 93355.352 1604.045 111.318 12352.0845 2176.2625 5635.92 58507.7 15784.2025 18667 8474.206 22.4184999
09.01.2012 96006.564 1635.05 112.2705 12424.0215 2251.386 5657.575 59535.65 16051.0165 19330.25 8436.633 21.0574999
16.01.2012 98072.404 1656.215 111.164 12537.385 2269.082 5693.79 60996.85 16461.477 19729.15 8545.627 20.84900045
23.01.2012 100564.328 1694.56 110.6015 12704.9235 2309.1 5755.39 62553.45 16993.583 20928.2 8828.298 18.75099965
30.01.2012 102559.544 1742.625 111.9535 12696.37 2296.8815 5751.615 63778.6 17247.264 21091.55 8823.964 18.50799985
06.02.2012 104675.64 1733.745 116.8095 12855.5305 2330.2775 5884.635 65393.45 17725.177 21508.4 8960.7085 18.42100005
13.02.2012 105273.964 1725.925 118.4895 12862.4145 2352.344 5891.47 65474.4 18027.734 20226.35 9167.265 19.5850002
20.02.2012 104939.484 1762.33 122.1985 12958.8485 2392.7275 5929.895 66083.75 18227.06 20074.95 9533.2635 17.95500035
27.02.2012 107599.64 1747.26 123.7245 12979.6025 2441.898 5911.82 66166.6 17686.3515 19773.5 9722.523 18.00450005
05.03.2012 106847.26 1694.89 124.102 12881.9255 2423.915 5837.735 66474.2 17296.516 19022 9718.525 18.79799995
12.03.2012 110506.252 1671.61 124.622 13133.4205 2415.666 5932.725 67576.8 17749.8775 19328.65 10038.627 15.0795
19.03.2012 105732.604 1652.27 124.4915 13139.187 2382.453 5896.67 66874.05 17375.223 18772.25 10101.123 15.3885
26.03.2012 103605.02 1670.425 124.321 13169.529 2071.026 5829.67 65539.1 17178.055 17805.8 10120.126 15.37700005
02.04.2012 102538.02 1645.1 123.1595 13132.345 2270.806 5770.98 64196.75 17517.8125 18127.35 9918.809 16.44450005
09.04.2012 101205.7 1658.055 120.7775 12878.615 2313.4655 5665.785 62352.65 17245.3015 18214.1 9541.2245 19.0310001
16.04.2012 99678.836 1646.1 118.596 13004.704 2365.7235 5729.465 62573.75 17328.0005 17779.75 9552.309 18.49800005
23.04.2012 98906.656 1646.27 118.88 13071.2825 2396.0645 5720.755 61856.55 17169.5115 17785.35 9550.175 17.5779997
30.04.2012 99184.696 1651.725 117.6195 13213.2685 2421.513 5758.17 61809.95 17208.1945 17640.85 9424.5035 17.391
07.05.2012 95332.348 1603.005 112.105 12901.1925 2424.7215 5585.56 60228.7 16557.1445 17316.15 9085.963 19.55900005
14.05.2012 91053.132 1559.805 109.463 12600.102 2372.874 5409.445 56236.3 16147.891 17018.25 8840.3155 22.4890002
21.05.2012 88741.624 1568.355 107.335 12479.663 2354.8755 5328.055 54857.8 16132.007 16978.55 8625.244 22.45449995
28.05.2012 90438.244 1568.32 104.264 12432.3105 2369.37 5336.485 54386.2 16293.9755 16567 8557.0585 23.3259999
04.06.2012 90568.24 1609.765 98.7885 12289.7835 2320.443 5352.315 53489.35 16296.1705 16316.85 8454.1345 23.58049995
11.06.2012 92580.232 1612.86 97.501 12565.881 2298.5535 5465.865 55071.3 16789.8665 16999.35 8571.2935 22.6074999
18.06.2012 95431.176 1602.445 93.672 12738.55 2293.1425 5553.93 56373.05 16881.2755 16783.75 8747.4925 18.6455
25.06.2012 94188.828 1576 92.739 12596.054 2218.7315 5491.5505 53646.95 17021.383 16393.1 8781.373 19.54649985
02.07.2012 98491.464 1605.93 98.876 12878.071 2220.97 5665.6835 55559.45 17466.5945 16830.2 9066.7935 17.16600015
09.07.2012 97394.404 1577.92 99.3015 12662.621 2177.577 5644.3 54240.15 17395.908 16132.95 8830.9925 18.0530002
16.07.2012 97662.92 1582.895 104.7715 12830.145 2166.091 5669.32 54273.6 17190.59 16112.2 8752.243 16.5009997
23.07.2012 93912.976 1595.215 104.452 12766.5665 2138.45 5547.65 53550.1 16864.6015 15809.6 8477.4775 18.6625001
30.07.2012 96574.144 1609.86 105.2075 13004.765 2116.0345 5685.535 56329.45 17164.025 15753.4 8623.4035 17.89599985
06.08.2012 99001.648 1614.185 109.843 13155.859 2158.6315 5829.1 58420.3 17534.233 15628.5 8840.81 15.61949995
13.08.2012 99152.508 1612.045 113.0385 13196.608 2128.253 5841.83 58810.05 17667.5385 15440.1 8981.6495 14.3265
20.08.2012 98702.004 1649.155 114.399 13180.105 2107.0795 5809.23 58941.7 17799.498 15968 9136.272 14.98850005
27.08.2012 98600.732 1666.74 112.9565 13094.779 2058.963 5750.735 57769.3 17578.5105 16229.55 9027.982 16.88599985
03.09.2012 98255.824 1700.875 113.711 13125.148 2057.6915 5722.445 57137.4 17427.125 16110.85 8767.14 16.92399975
10.09.2012 101045.356 1747.135 115.084 13387.946 2124.1295 5807.9 60092.5 17981.355 16849.45 8931.913 15.24850015
17.09.2012 102935.596 1770.16 111.5395 13573.722 2059.276 5875.12 61779.15 18514.932 17914.3 9149.1605 14.2605
24.09.2012 99239.396 1767.59 110.751 13486.4195 2033.3645 5808.47 60608.85 18690.211 18203.4 8976.561 15.3644999
01.10.2012 99722.468 1782.84 110.458 13524.8765 2064.76 5818.615 59049.9 18890.589 18536.15 8805.1745 15.3040001
08.10.2012 99075.46 1769.21 112.9335 13443.094 2102.116 5817.3 58894.65 18748.047 17808.8 8677.2555 15.72400005
15.10.2012 99076.7 1742.245 113.089 13477.434 2112.221 5870.8 59647.35 18680.9805 17112.3 8784.167 15.42099985
22.10.2012 98371.3 1714.07 108.7595 13169.3655 2106.198 5828.055 57911.8 18723.9865 16400.95 8985.449 18.01549995
29.10.2012 96680.98 1710.435 108.2165 13132.406 2082.33 5825.315 57464.6 18583.3635 16129.35 8953.2965 17.6339999
05.11.2012 96592.912 1713.215 107.1575 13010.3935 2093.268 5822.38 58297.75 18793.16 16036.15 8916.145 18.31100005
12.11.2012 92770.104 1722.635 108.08 12678.0875 2045.518 5726.36 56769.15 18588.0015 16037.65 8752.852 17.30600005
19.11.2012 93625.704 1731.125 110.7175 12803.1735 2019.842 5746.725 56330.7 18424.857 16538.75 9244.014 15.222
26.11.2012 93769.028 1733.875 110.3835 12965.1595 1985.152 5821.215 56947.1 18866.9175 16936 9402.3005 15.599
03.12.2012 97497.276 1701.47 108.313 13027.999 2011.57 5887.335 57833.55 19387.2355 17421.85 9484.8775 16.5170001
10.12.2012 99719.748 1705.465 107.0895 13202.2825 2090.66 5926.63 59340.2 19367.7745 17693.2 9620.3025 16.15899985
17.12.2012 101285.644 1672.45 109.162 13258.5155 2161.34 5937.355 60477.2 19361.1265 17653.65 9994.9635 17.1545
24.12.2012 100908.104 1658.95 109.828 13108.691 2206.188 5949.295 60867 19346.468 17303.85 10205.008 19.2464999
31.12.2012 100693.14 1669.475 110.55 13008.8375 2269.13 5905.5 60712.5 19436.7625 17156.25 10402.505 20.18999925
01.01.2013 100693.14 1669.875 110.6125 13269.505 2271.095 5993.58125 62094.625 19666.079375 17413.5 10466.19625 15.9818748125
07.01.2013 103540.228 1660.345 110.626 13403.1405 2272.686 6086.68 61661.15 19721.8885 17420.75 10627.859 13.71
14.01.2013 105489.376 1679.495 110.4635 13538.9505 2309.78 6118.15 61897.2 19926.069 17475.55 10768.6275 13.452
21.01.2013 106404.444 1680.98 112.553 13743.341 2311.634 6206.37 61645.8 20032.7345 17454 10706.004 12.7845
28.01.2013 109232.756 1666.435 114.372 13914.692 2378.48 6310.985 60042.65 19995.938 18033.1 11006.1345 13.685
04.02.2013 108133.672 1674.07 115.881 13953.234 2429.338 6273.275 59130.8 19660.54 18471.85 11253.507 13.738
11.02.2013 106991.548 1642.195 117.6355 13980.2295 2432.4 6318.325 58287.5 19526.964 18310.45 11267.805 12.878
18.02.2013 105427.016 1592.01 115.8985 13958.891 2368.352 6342.585 56893 19504.739 17346.05 11374.589 13.64199995
25.02.2013 103626.868 1591.915 112.255 13975.791 2331.496 6333.54 56974.7 19111.182 16705.5 11481.909 16.0445001
04.03.2013 103392.284 1577.7 109.929 14252.069 2317.958 6417.05 57429.45 19216.991 16619.6 11889.542 13.598
11.03.2013 104679.832 1587.385 109.254 14464.7815 2281.968 6499.565 57795.6 19531.419 16972.4 12367.9885 11.8305
18.03.2013 100917.608 1607.565 108.165 14468.47 2293.468 6429.28 56153.1 19010.4325 16777.75 12443.687 13.3975
25.03.2013 99408.704 1600.36 109.1315 14522.0775 2279.714 6397.935 55685.1 18730.026 16853.25 12453.2455 13.073
01.04.2013 101031.316 1571.29 108.1965 14586.698 2227.602 6397.45 55302.8 18760.16 16319.25 12361.768 13.802
08.04.2013 101455.508 1561.505 104.822 14729.698 2217.964 6343.4 55520.85 18392.224 16126.3 13324.2545 12.843
15.04.2013 96202.124 1386.155 99.435 14636.073 2202.566 6293.225 53469.5 18664.6585 15548.5 13273.036 15.7215
22.04.2013 96843.676 1442.12 101.3245 14659.2715 2204.45 6383.845 54669.4 19208.0775 15266.8 13739.434 13.9435
29.04.2013 97892.096 1467.07 102.0425 14805.2025 2182.67 6455.01 55304.75 19514.554 15114.05 13801.701 13.724
06.05.2013 99778.04 1459.74 104.001 15047.534 2238.568 6560.35 55612 19873.1565 15230.95 14174.918 12.884
13.05.2013 97868.216 1405.33 103.165 15207.94 2243.682 6672.31 54844.15 20022.809 15082.9 14938.0265 12.819
20.05.2013 98669.912 1380.02 103.277 15329.9435 2294.34 6754.99 56018.9 20023.2495 15001.85 15186.927 13.766
27.05.2013 95396.548 1395.04 102.4835 15311.711 2311.352 6668.59 55483.7 20050.8035 14822.7 14079.571 14.73549995
03.06.2013 92502.86 1402.775 102.59 15115.509 2259.122 6467.85 53191 19577.4685 15161.45 13175.091 16.61650005
10.06.2013 91217.1 1382.47 103.9585 15143.014 2188.618 6335.14 50272.05 19147.69 14488.4 13077.6575 16.76799995
17.06.2013 91224.024 1343.89 104.5735 15065.006 2123.214 6290.155 48483.05 19071.3605 14085.7 13024.431 17.7724999
24.06.2013 90448.648 1243.065 101.6165 14844.5295 1960.69 6144.78 46989.7 18779.886 13782.3 13169.478 17.99850005
01.07.2013 92751.556 1245.155 104.11 14977.1205 2001.874 6312.2 45848.15 19425.2205 13847 14020.4505 16.37200025
08.07.2013 93245.228 1262.505 107.102 15320.559 2007.2 6499.965 45605.3 19527.463 13532.55 14392.5885 14.259
15.07.2013 97531.26 1285.285 108.201 15490.0895 2015.074 6587.015 47046.95 19986.3615 13831.5 14616.5995 13.772
22.07.2013 96658.348 1329.82 107.715 15542.3415 2009.26 6606.325 48640.75 20063.337 14150 14590.0485 12.9315
29.07.2013 95223.656 1317.765 107.502 15559.57342385 2003.732 6610.421 48866.7 19415.7584453 13796.4 13883.7144902 13.179
05.08.2013 92582.508 1297.395 106.7025 15518.29355475 2050.98 6578.0425 48295.65 18855.4615235 14057.05 13987.91801755 12.7345
12.08.2013 93880.656 1342.22 108.6065 15308.48242195 2091.582 6557.6925 50723.4 19111.960547 14792.65 13736.42158205 13.4775
19.08.2013 92571.776 1371.265 110.0105 14989.4839842 2071.146 6448.67 51160.55 18254.824414 14615.75 13524.2000489 14.97799995
26.08.2013 92676.372 1407.86 113.986 14861.58002925 2099.39 6454.3145 50537.85 18279.2666992 14278.85 13488.14956035 16.3049999
02.09.2013 94204.768 1390.91 113.123 14878.5729492 2122.32 6491.232 51884.15 18783.0220703 13773.15 13877.0840332 16.3595001
09.09.2013 97958.968 1355.205 111.3045 15210.20649415 2236.718 6568.767 53762.05 19695.3730468 13821.7 14353.71152345 14.6145
16.09.2013 100109.74 1333.05 109.4155 15555.64863285 2198.502 6596.325 54575.05 20084.8755859 14002.55 14537.304004 13.796
23.09.2013 101097.404 1327.295 108.5915 15339.7054687 2188.584 6565.789 54189.1 19895.44814445 13863.7 14701.89902335 14.327
30.09.2013 100020.056 1314.63 107.7465 15111.182666 2174.67 6454.175 52857.55 19610.0777343 13803.85 14312.1594726 16.80449965
07.10.2013 102569.008 1305.46 109.2445 14957.0415039 2200.744 6406.272 52631.45 20136.7930664 13842.65 14046.5544921 18.36950005
14.10.2013 104497.468 1288.6 109.7795 15292.5880372 2209.314 6548.04 54989.4 20601.42998055 14020.7 14497.8379394 15.37549995
21.10.2013 104003.116 1333.385 108.61 15454.7739746 2184.056 6681.929 55520.3 20809.67119135 14566.05 14527.35854475 13.3685
28.10.2013 103457.384 1339.085 108.6545 15605.09951185 2142.872 6748.6365 54389.1 20935.634082 14590.45 14359.5730469 13.566
04.11.2013 103039.732 1311.305 105.149 15655.60395515 2136.402 6732.984 53492.7 20967.4166015 14209.7 14231.12456045 13.2405
11.11.2013 101966.064 1281.46 106.856 15809.7780762 2112.104 6690.4185 52451.35 20407.89970705 13751.7 14627.8580079 12.642
18.11.2013 102962.028 1259.745 108.553 15976.8424802 2199.82 6691.3445 53310.4 20599.43457035 13587.8 15230.31748045 12.97
25.11.2013 102073.604 1244.68 110.7525 16087.845459 2202.024 6663.1505 52056.15 20523.17187505 13457.45 15565.1514649 12.8885
02.12.2013 99643.368 1228.605 111.1715 15931.15043955 2233.194 6546.8315 50900.5 20894.64628915 13608.95 15466.8916503 14.505
09.12.2013 99715.108 1243.03 109.106 15894.93208005 2215.746 6508.0415 50596.7 21119.1865234 13996.6 15484.5284668 14.6895
16.12.2013 101722.408 1222.18 109.488 16019.9139159 2134.56 6522.804 50611.85 20774.1207031 14139.5 15530.94941415 14.86250005
23.12.2013 102902.52 1205.17 111.8315 16367.10800785 2092.664 6686.731 51333.35 21101.7750977 14254.5 16008.41762705 12.641
30.12.2013 102642.76 1200.7625 111.38125 16519.84863275 2106.755 6742.16625 51512.75 21187.38501 14080.25 16265.86474625 13.465
01.01.2014 102642.76 1224.74166666667 109.176666666667 16506.39778625 2102.83666666667 6733.135 51031 21022.8741860833 13963.4166666667 16265.86474625 13.9691666666667
06.01.2014 100471.112 1232.92 106.714 16465.1193846 2035.658 6728.9355 50355.7 20769.52255855 13565.25 15932.38403315 12.926
13.01.2014 101848.392 1244.915 105.9195 16394.346875 2017.68 6786.328 49718 21144.4110352 14416.55 15737.75004875 12.457
20.01.2014 103219.86 1250.51 107.186 16313.9584961 2029.576 6804.7955 48701.4 21243.78105475 14618.6 15686.53041985 13.69399995
27.01.2014 101516.908 1255.305 107.3545 15827.22646485 2037.576 6555.3255 47633.6 20638.14521485 14072.55 15066.68706045 17.35700015
03.02.2014 100149.16 1257.995 106.01 15524.5090332 2035.364 6495.298 47093.4 20264.26123045 13927 14338.00244145 18.60950005
10.02.2014 102179.604 1292.205 108.372 15944.6665039 2102.79 6641.9185 48030.05 20371.1458984 14231.6 14647.80151365 14.6115
17.02.2014 103550.34 1318.865 109.9315 16109.3434571 2129.902 6775.0415 47267.45 20585.15849605 14422.95 14619.4961426 14.53
24.02.2014 102624.188 1332.54 109.5575 16220.6814453 2051.162 6818.4335 47116.6 20904.11542955 14348.6 14920.4379882 14.2175
03.03.2014 96320.92 1342.93 108.769 16345.9135741 2063.456 6770.593 46914.45 21307.00048825 15087.9 14893.4214844 14.4845
10.03.2014 94458.86 1360.125 107.543 16292.718994 2004.272 6633.462 45624.35 21830.50458975 15572.75 14909.3345215 15.3204999
17.03.2014 95111.248 1347.535 106.572 16267.29101575 2022.34 6564.94 46262.05 21802.4640625 16031.5 14395.66650395 15.05049995
24.03.2014 95638.172 1306.765 107.181 16309.1659179 2057.112 6582.0235 48536.4 22105.15410165 15953.9 14476.7595702 14.5905
31.03.2014 97759.212 1288.885 106.169 16504.56601555 2048.458 6645.836 50871.35 22461.2441407 16103.2 14935.52597665 13.4135
07.04.2014 97334.984 1311.675 107.0765 16264.4660644 2105.438 6622.927 51511.7 22516.33046895 16751.35 14450.29941405 15.35650005
14.04.2014 96750.264 1305.395 109.253 16294.5779783 2106.98 6577.3265 51443.75 22509.67851575 17772.1 14228.1984863 14.91699985
21.04.2014 95767.276 1288.365 109.6075 16470.8941407 2059.918 6663.377 51811.95 22791.71904285 18213.25 14489.7193847 13.5585
28.04.2014 94736.368 1292.055 108.151 16514.68530285 2020.582 6763.252 51720.85 22528.7711915 18255 14356.29062515 13.6945
05.05.2014 96912.06 1300.575 107.313 16502.1324218 2018.376 6811.765 53545.3 22485.82910165 18850.25 14280.2820313 13.568
12.05.2014 99327.748 1296.57 108.694 16599.3992187 2040.596 6853.4265 53952.65 23853.274414 20006.6 14262.52202155 12.581
19.05.2014 101117.024 1293.915 110.0855 16498.88896475 2018.822 6821.742 52843.9 24422.1706054 19694.25 14175.19643555 12.264
26.05.2014 101428.096 1267.59 110.0695 16646.54658195 2041.214 6842.445 52410.2 24527.2250977 19394.85 14638.0453612 11.6145
02.06.2014 104307.392 1247.395 108.0865 16765.89394535 2034.638 6836.468 51852.55 24862.088672 19116 15032.04145505 11.7335
09.06.2014 106118.108 1263.045 110.103 16858.56308585 2052.082 6846.254 54610.3 25539.97500005 18480.6 15036.20800775 11.697
16.06.2014 105240.704 1285.105 113.855 16848.75898445 2051.72 6783.597 54780.45 25267.91552735 18648.5 15126.70346675 11.508
23.06.2014 104690.98 1316.395 113.9425 16864.8399415 2031.796 6768.678 53897.7 25187.6855468 18545.75 15302.85800775 11.588
30.06.2014 104866.896 1323.53 111.5845 16951.41201175 2056.148 6808.8935 53336.75 25661.26259765 19366.4 15327.4760253 10.93
07.07.2014 106709.964 1327.925 109.0165 16956.90703125 2049.572 6743.809 53987.15 25644.30400385 19414.75 15276.8935547 12.016
14.07.2014 103728.316 1309.165 107.4155 17054.34482435 2063.79 6738.95 55840.55 25348.8961915 19230.8 15319.6520019 12.0515
21.07.2014 100149.616 1303.685 107.514 17066.79365225 2088.024 6781.1615 57672.3 26033.01669925 19016.8 15321.0810058 12.1385
28.07.2014 98967.008 1296.665 106.7275 16811.39658195 2185.848 6765.015 56858.55 25953.98222655 18755.35 15585.30908195 14.23950015
04.08.2014 97409.392 1301.75 105.749 16462.7974121 2208.57 6641.9955 56229.2 25643.8020508 18625.55 15236.60400385 16.20799985
11.08.2014 99377.368 1310.745 104.0895 16623.52695295 2220.464 6649.7525 56141.55 25846.52539055 18676.65 15204.8850098 13.5735
18.08.2014 103335.928 1290.745 102.0725 16924.2746093 2239.256 6755.775 58293.3 26377.9042968 18728.9 15476.9555176 12.1435
25.08.2014 103432.76 1285.725 102.604 17088.3405273 2211.774 6804.171 60150.35 26538.34902345 18784.25 15516.01542975 11.8415
01.09.2014 103325.7 1273.13 102.447 17083.3969727 2284.696 6849.133 61363.2 27015.8335938 18980.35 15652.4438965 12.328
08.09.2014 105889.74 1248.88 99.5825 17049.49326165 2322.978 6821.92 58647.75 27148.7932617 18995.8 15804.8900879 13.135
15.09.2014 106224.556 1229 98.261 17147.8357422 2317.792 6803.0705 58466 26828.76162115 18074.15 16017.63706055 12.9465
22.09.2014 104279.848 1220.12 97.0145 17115.8870118 2327.196 6704.7325 56683.35 26790.77187495 17224.75 16226.06762705 14.49500005
29.09.2014 101855.132 1212.82 95.1095 16947.07939455 2362.638 6570.1375 54132.9 26627.1651367 16397.15 16013.76152345 16.0994999
06.10.2014 100403.588 1214.42 91.574 16830.7129882 2374.888 6483.797 56940.6 26440.37753905 16661.65 15634.8060058 17.08399995
13.10.2014 100230.428 1235.215 86.5165 16260.6265136 2359.368 6292.307 56371.35 26268.38378895 16054.2 14949.0709962 24.31699995
20.10.2014 101619.54 1241.29 85.829 16549.90708 2325.528 6352.717 52784.15 26699.932129 15298.1 15093.63950195 17.44400005
27.10.2014 104712.744 1212.435 86.045 17014.7793945 2362.52 6430.6205 51825.45 27127.50966795 15419.5 15599.533496 15.18500015
03.11.2014 108725.384 1154.355 84.0055 17446.32597665 2424.798 6520.3965 53622.5 27899.5667968 15443.6 16732.8003905 14.37
10.11.2014 109219.436 1162.485 80.982 17615.5830079 2480.45 6616.669 52493.35 27958.05771495 15431.95 17153.0376952 13.263
17.11.2014 111237.248 1190.455 79.0915 17692.28554685 2464.164 6689.444 52820.95 28130.947461 16000 17284.7219727 13.95
24.11.2014 112961.896 1190.545 76.645 17822.421582 2603.628 6729.683 55420.8 28451.97021485 16436.7 17370.6166016 12.508
01.12.2014 120452.5 1198.82 70.7035 17869.22109365 2812.066 6705.9705 52192.4 28546.82666025 16533.05 17724.312793 12.975
08.12.2014 114292.792 1218.795 65.3195 17675.01054685 2936.09 6538.7345 49873 27842.57304695 16503.95 17571.38720685 17.15449995
15.12.2014 109786.64 1200.625 60.7925 17405.12539055 3040.416 6346.5475 48029.95 27067.115918 15938 17089.82314455 19.8320001
22.12.2014 103458.652 1182.94 60.6895 18008.7731446 3072.546 6594.8555 50303.45 27461.24873045 15492.65 17748.70498055 14.76149995
29.12.2014 102299.74 1192.14166666667 57.8866666666667 17988.921712 3189.50333333333 6588.70916666667 50377.8333333333 27405.00244125 15122 17643.2864583333 16.3900001666667
01.01.2015 101651.68 1185 57.12125 17876.74658175 3234.68 6559.5825 49788.625 27574.60888675 15077 17579.35449225 17.9525
05.01.2015 108765.204 1210.115 51.7485 17626.4114258 3330.958 6461.343 48700.7 27353.5720703 15305.35 17121.5900392 19.0775002
12.01.2015 115343.632 1242.04 48.0605 17525.7176758 3280.004 6480.8375 48239.6 27684.2765624 14701.7 16982.10830085 20.9505
19.01.2015 120375.232 1289.65 48.953 17564.5399414 3261.622 6686.8715 48697.7 28787.42880855 14718.25 17259.1532226 19.2380001
26.01.2015 128037.508 1279.53 49.1555 17408.5563476 3302.908 6813.8755 47954.05 29475.76103515 14783.5 17638.47021485 18.6079998
02.02.2015 130978.492 1266.405 56.5515 17614.36552735 3143.956 6832.3615 48567.15 28990.4701171 15183.75 17572.5932617 18.11399995
09.02.2015 140118.936 1232.935 58.5225 17866.4172852 3154.332 6831.413 49086.45 28570.09804685 14849.5 17775.28681655 16.9054997
16.02.2015 139658.428 1215.375 60.8715 18014.0507812 3242 6884.5125 50748.85 29263.57607415 14256 18175.5859375 15.56600005
23.02.2015 136709.088 1207.02 60.334 18174.62705085 3266.264 6933.5765 51588.75 29034.71005855 14261.25 18618.8959961 14.039
02.03.2015 138324.364 1201.675 61.217 18135.2590821 3273.706 6928.3935 50769.1 29484.45546865 13984.5 18796.19902335 14.127
09.03.2015 131072.436 1159.145 57.7805 17795.0971679 3320.322 6778.642 48890.6 28851.46044935 14109.25 18869.72851565 16.06450035
16.03.2015 127483.6 1162.5 54.4435 17952.5690428 3545.808 6886.827 50389.1 28566.48496095 13824.75 19428.1898438 14.75250005
23.03.2015 127080.688 1194.035 56.4205 17891.36435535 3682.612 6975.4405 51366.9 27972.61191405 13889.75 19556.4069336 14.4865
30.03.2015 128246.452 1193.84 56.191 17783.1288086 3806.894 6832.4155 51832.2 28027.88242185 12790.25 19288.06943355 15.0055
06.04.2015 129698.6 1206.275 58.3015 17905.6410157 3962.392 6942.8185 53755.7 28648.42314455 12916.75 19704.1280273 14.1005
13.04.2015 128152.344 1199.015 61.5535 18034.9144531 4164.71 7068.2575 54396 28833.82187495 12626.75 19845.49296885 13.584
20.04.2015 128550.66 1193.44 63.4935 18010.5213868 4343.478 7047.553 54665.55 27834.1253908 12759.25 19946.3455078 12.8945
27.04.2015 128971.068 1194.735 65.519 18007.603125 4472.706 7008.5295 55731.4 27232.08671865 13559.25 19866.3105469 13.342
04.05.2015 132009.668 1187.54 67.221 17978.3125001 4265.314 6946.8065 57233.9 27111.53408205 14051 19439.8377928 13.96050005
11.05.2015 131273.808 1202.825 66.6875 18136.8990234 4359.512 6976.293 56848.15 27220.68115235 14102.25 19638.97216795 13.408
18.05.2015 126739.368 1212.575 65.6855 18287.1980469 4466.87 6998.256 55459.55 27760.7315429 13223.75 20096.14306645 12.687
25.05.2015 122620.296 1192.815 63.9915 18134.6458008 4779.684 7012.4445 53939.3 27611.23154285 12813 20471.07949215 13.421
01.06.2015 121329.548 1184.645 64.5255 17997.12099615 4923.89 6915.901 53501.4 27203.1754883 12933.5 20490.0223634 14.3325
08.06.2015 122376.208 1179.81 64.9995 17892.41552725 5127.878 6802.1335 53308.85 26584.9996093 13353.25 20295.2574218 14.0515
15.06.2015 122913.668 1188.265 63.8615 17938.9999025 4836.408 6708.446 53535.35 26855.80654295 12809.75 20217.0054686 14.4495
22.06.2015 122500.4 1179.08 63.4805 18033.38134755 4493.13 6811.1645 53751 27754.91347655 12667.5 20676.51865235 13.1595
29.06.2015 120516.464 1170.885 62.293 17720.9934569 3996.728 6610.2095 53045.9 27835.2694336 11993.25 20350.50488275 16.99000005
06.07.2015 118504.32 1160.38 58.129 17650.7683594 3719.47 6535.38 52115.4 27874.7400391 11277 19987.85058605 17.8545
13.07.2015 120717.104 1148.33 57.713 18027.680957 3896.222 6751.9635 52960.15 28146.323047 11505.25 20414.0529297 13.1375
20.07.2015 119974.868 1095.34 56.1735 17881.32919915 4046.132 6714.853 50881.2 28356.5041016 11528.5 20664.0415039 12.585
27.07.2015 118898.34 1092.59 53.289 17636.21386725 3709.446 6601.289 49721.15 27724.61777355 11147.5 20400.28515615 13.511
03.08.2015 124500.876 1087.745 49.8595 17520.7392578 3695.954 6715.438 50068.05 28202.897461 10855.25 20594.1208985 12.8895
10.08.2015 126293.28 1110.61 49.7585 17433.9975588 3932.508 6634.5915 48528.15 27879.2698243 10671.5 20606.1893555 13.53450005
17.08.2015 124793.74 1134.35 47.54 17262.21005855 3741.594 6442.598 46868.6 27768.90009745 10429.5 20254.59892575 16.98899975
24.08.2015 123464.7 1137.575 44.996 16200.29541025 3083.622 6067.2785 45792.25 26114.9265625 9729.75 18547.4516601 31.22150025
31.08.2015 127012.092 1132.555 50.507 16331.5062988 3170.624 6139.8005 46478.8 25816.818457 9900.25 18352.3006835 27.99549995
07.09.2015 129043.112 1114.14 48.6665 16320.58544935 3178.416 6144.266 46682.6 25436.17998055 10040.5 18041.6482422 25.3594998
14.09.2015 130463.02 1116.575 48.5935 16568.30039065 3091.242 6149.077 47710.1 25922.6915039 10006.25 18203.5256836 22.5555002
21.09.2015 123096.888 1135.755 48.3875 16324.78901365 3127.442 6033.7625 45849.35 25878.92265635 9806.25 17990.4597658 22.55499985
28.09.2015 118596.18 1124.375 48.0725 16180.46186515 3057.766 6028.6585 44882.25 26012.8651368 10032.75 17485.65107415 24.7384998
05.10.2015 121507.46 1144.07 51.38 16868.65830075 3052.78 6323.8195 48350.95 26900.3428711 10124.75 18203.1615235 18.6815
12.10.2015 126359.336 1171.9 50.3025 17083.6605468 3313.436 6342.3945 47729.25 26947.4532225 10532.75 18175.61611335 16.9170001
19.10.2015 126135.336 1170.18 48.5665 17312.93037105 3376.91 6368.7245 47374.65 27352.4631835 10420.5 18412.01054695 15.1300001
26.10.2015 126282.812 1158.905 48.1555 17674.2879883 3401.8 6401.42 46667.05 27102.84599615 10425.5 18940.53535155 14.9185
02.11.2015 129018.836 1117.115 48.948 17849.6868164 3442.854 6376.0835 47181.9 26515.5010743 9920 18960.01201165 14.84649995
09.11.2015 128577.208 1087.385 46.5865 17636.1206055 3630.272 6258.218 46577.25 25861.04892605 9530.25 19587.80761715 16.939
16.11.2015 131203.852 1078.145 44.3385 17601.2550781 3605.558 6249.443 47383.05 25764.42050775 9091.75 19680.0085938 17.6319999
23.11.2015 133472.052 1069.845 45.4585 17807.31044925 3593.278 6327.911 47470.55 25878.53642575 8762.75 19886.20556635 15.702
30.11.2015 128767.508 1063.99 44.0245 17731.5265625 3509.686 6352.1805 45443.3 26043.77890625 8900 19825.87324215 16.047
07.12.2015 125945.008 1073.34 40.383 17581.46611325 3473.904 6135.393 45392.7 25304.37246095 8713.75 19378.4456056 18.81199985
14.12.2015 126734.5 1063.64 37.7195 17468.28486325 3541.234 6009.629 44915.3 25407.5214844 8714.25 19036.49248055 20.2960001
21.12.2015 126041.984 1074.04 37.033 17440.88330085 3621.444 6155.837 43679.8 25743.82373055 8708 18873.96894535 16.6155
28.12.2015 126161.48 1066.85625 37.076875 17578.1391601875 3550.11 6269.608125 43646.25 26027.9747314375 8685 18966.8543701875 17.21624975
01.01.2016 126465.68 1060.225 37.055 17506.87744125 3539.18 6256.9275 43470.5 26046.984863 8772.5 19058.74755875 18.51999925
04.01.2016 125189.272 1088.89 35.544 16903.922998 3251.444 6063.645 41814.9 25404.5018554 8534.75 18199.4986328 22.3765
11.01.2016 119097.716 1089.805 31.051 16316.43710925 2979.556 5908.888 39494.9 24737.1048828 8350.25 17437.62958995 24.9259999
18.01.2016 117647.672 1095.125 29.0575 15965.00146475 2939.062 5794.2145 37978.25 24243.92236325 8612.25 16702.97236335 26.6569999
25.01.2016 125565.32 1115.24 32.6525 16070.65307615 2763.424 5933.373 38342.45 24543.53906245 8627.5 17054.1275391 22.6839998
01.02.2016 128282.24 1139.875 34.2975 16317.76367195 2744.436 5934.8495 40038.35 24553.3899414 8468.25 17341.8364258 22.18150005
08.02.2016 125277.284 1208.055 31.9 15925.26201175 2763.49 5662.3705 40265.1 23720.3646485 7946.75 16013.690039 26.85949975
15.02.2016 127922.844 1213.36 33.7435 16220.8000489 2835.178 5903.7645 41029.3 23465.5735352 8306.75 15955.10590825 23.45800005
22.02.2016 131818.204 1227.585 34.292 16544.1481933 2858.344 5982.543 42242.85 23355.59287105 8576.75 16079.2339356 20.1874999
29.02.2016 136244.9 1244.835 36.837 16807.21162115 2800.948 6131.065 44932.1 23959.86464845 8746.75 16519.31738285 18.02149995
07.03.2016 139644.552 1261.81 40.2655 17024.8268554 2855.266 6133.3875 49237.95 24662.45566415 8929 16794.12255855 17.9164999
14.03.2016 137701.976 1248.44 40.253 17334.3661132 2890.856 6171.406 48958.25 24736.41874995 8698 17037.63798825 15.73750005
21.03.2016 137725.088 1230.69 40.854 17539.2680665 2993.704 6169.701 50256.75 25264.402539 8706 16944.3182617 14.869
28.03.2016 134420.824 1227.46 40.2225 17641.655957 2978.35 6148.767 50700.55 25187.72646485 8513.25 16887.1359376 14.36600005
04.04.2016 134451.46 1230.85 39.1005 17650.7871094 3021.314 6147.518 48982.2 24979.5275391 8449.25 15840.9899415 15.063
11.04.2016 138383.06 1244.325 43.4895 17782.28457035 3059.008 6286.2075 52012.9 25290.42343755 8810.75 16272.74667965 14.5835
18.04.2016 140022.664 1245.38 44.029 18016.6190429 2992.238 6369.205 53347.6 25845.7393555 9132.5 16953.5824218 13.5525
25.04.2016 141543.68 1255.57 46.304 17927.6692382 2949.79 6287.342 53442.25 25800.19873055 9212.5 17268.82011705 14.5385
02.05.2016 137608.688 1287.22 45.542 17732.530664 2966.664 6174.0825 52563.35 25296.72792975 9300.75 16196.4272461 15.64650005
09.05.2016 134310.768 1272.29 46.215 17741.33291005 2832.942 6135.567 52339.95 25625.81083975 8737.25 16490.56752935 14.4695
16.05.2016 135682.728 1266.975 48.8075 17537.86523445 2826.888 6134.7565 50853.55 25585.3907228 8643 16621.02050785 15.6885
23.05.2016 136291.768 1230.155 49.1925 17726.0724609 2819.676 6218.6725 49477.35 25799.9423829 8404.75 16721.7157227 14.45649995
30.05.2016 136821.392 1216.78 49.8325 17800.88066405 2903.298 6223.91 49218.1 26763.83505865 8437.25 16893.4911133 13.9735
06.06.2016 137460.176 1258.285 51.3335 17932.44619135 2930.324 6252.175 50718 26883.1205078 8794.5 16627.4724121 14.31250005
13.06.2016 134356.984 1290.68 48.9785 17697.2523437 2864.078 5991.503 49185.1 26520.5803711 8913.25 15853.4635255 20.08299985
20.06.2016 134304.128 1293.865 50.1475 17811.21992185 2883.092 6209.5095 50525.85 26691.25996095 9157.75 15959.73847665 19.63999995
27.06.2016 133838.252 1325.985 49.4495 17575.1746094 2920.388 6267.0525 50589.55 26726.7868165 9318.5 15463.9910155 18.7184999
04.07.2016 135838.94 1359.51 48.434 17923.59091795 3003.444 6531.798 52190 27239.5856445 9898 15449.25605465 15.15250005
11.07.2016 138850.832 1342.03 47.06 18371.68134775 3042.662 6666.928 54534.2 27774.469629 10257.25 16144.87304695 13.09
18.07.2016 140234.132 1326.245 46.7325 18545.0459962 3031.978 6702.1025 56508.25 27808.8919922 10518.75 16644.6581056 12.2975
25.07.2016 139993.784 1328.865 44.2855 18466.86542965 3006.332 6729.1865 56855.95 28058.02880875 10469.5 16545.2624512 12.8015
01.08.2016 139732.192 1360.845 43.0765 18382.68193365 2972.452 6696.0005 57023.4 27937.11396485 10671.25 16310.954541 12.569
08.08.2016 140927.328 1347.645 45.2105 18548.9210937 3020.404 6855.7695 57741.95 28028.4985351 10718 16720.8248047 11.668
15.08.2016 142006.648 1350.955 49.3335 18575.68730465 3111.4 6891.3035 58964.3 28087.49287105 10330.75 16684.2229492 12.0755
22.08.2016 142859.456 1334.965 49.562 18501.116504 3079.808 6838.614 57992.6 27970.47011715 10086.25 16540.7685059 12.9895
29.08.2016 143174.44 1318.89 47.7995 18441.4865234 3071.364 6811.8115 58406.4 28290.17353515 9867.5 16816.90253915 13.2995
05.09.2016 147514.704 1341.93 48.088 18446.9744141 3085.908 6849.14 59669.85 28840.9945313 10183.25 17006.1218751 12.276
12.09.2016 145740.36 1324.025 46.883 18133.51669925 3010.808 6703.2955 57545.05 28424.8259765 9913.5 16601.7318847 12.125
19.09.2016 145551.088 1328.56 46.6065 18248.9591798 3030.226 6843.8655 58121.15 28658.5590819 10317.75 16593.52490235 12.125
